pose	angles	laser_status	suction_cup_status	gripper_status 
[300.22, 55.04, 64.95, 0.00]	[10.39, 9.64, 17.93, -10.39]	FALSE	FALSE	FALSE
[300.23, 55.05, 64.08, 0.00]	[10.39, 9.77, 18.21, -10.39]	FALSE	FALSE	FALSE
[300.25, 55.07, 63.22, 0.00]	[10.39, 9.89, 18.50, -10.39]	FALSE	FALSE	FALSE
[300.26, 55.08, 62.35, 0.00]	[10.39, 10.02, 18.78, -10.39]	FALSE	FALSE	FALSE
[300.28, 55.10, 61.48, 0.00]	[10.39, 10.15, 19.06, -10.39]	FALSE	FALSE	FALSE
[300.29, 55.11, 60.62, 0.00]	[10.39, 10.27, 19.35, -10.39]	FALSE	FALSE	FALSE
[300.31, 55.12, 59.75, 0.00]	[10.39, 10.40, 19.63, -10.39]	FALSE	FALSE	FALSE
[300.32, 55.14, 58.88, 0.00]	[10.39, 10.53, 19.91, -10.39]	FALSE	FALSE	FALSE
[300.34, 55.15, 58.02, 0.00]	[10.39, 10.65, 20.20, -10.39]	FALSE	FALSE	FALSE
[300.35, 55.17, 57.15, 0.00]	[10.39, 10.78, 20.48, -10.39]	FALSE	FALSE	FALSE
[300.36, 55.18, 56.28, 0.00]	[10.39, 10.90, 20.76, -10.39]	FALSE	FALSE	FALSE
[300.38, 55.19, 55.42, 0.00]	[10.39, 11.03, 21.04, -10.39]	FALSE	FALSE	FALSE
[300.39, 55.21, 54.55, 0.00]	[10.39, 11.16, 21.33, -10.39]	FALSE	FALSE	FALSE
[300.41, 55.22, 53.68, 0.00]	[10.39, 11.28, 21.61, -10.39]	FALSE	FALSE	FALSE
[300.42, 55.24, 52.82, 0.00]	[10.39, 11.41, 21.89, -10.39]	FALSE	FALSE	FALSE
[300.44, 55.25, 51.95, 0.00]	[10.39, 11.54, 22.18, -10.39]	FALSE	FALSE	FALSE
[300.45, 55.26, 51.08, 0.00]	[10.39, 11.66, 22.46, -10.39]	FALSE	FALSE	FALSE
[300.46, 55.28, 50.22, 0.00]	[10.39, 11.79, 22.74, -10.39]	FALSE	FALSE	FALSE
[300.48, 55.29, 49.35, 0.00]	[10.39, 11.92, 23.03, -10.39]	FALSE	FALSE	FALSE
[300.49, 55.31, 48.48, 0.00]	[10.39, 12.04, 23.31, -10.39]	FALSE	FALSE	FALSE
[300.51, 55.32, 47.62, 0.00]	[10.39, 12.17, 23.59, -10.39]	FALSE	FALSE	FALSE
[300.52, 55.33, 46.75, 0.00]	[10.39, 12.30, 23.88, -10.39]	FALSE	FALSE	FALSE
[300.54, 55.35, 45.88, 0.00]	[10.39, 12.42, 24.16, -10.39]	FALSE	FALSE	FALSE
[300.55, 55.36, 45.02, 0.00]	[10.39, 12.55, 24.44, -10.39]	FALSE	FALSE	FALSE
[300.57, 55.38, 44.15, 0.00]	[10.39, 12.68, 24.73, -10.39]	FALSE	FALSE	FALSE
[300.58, 55.39, 43.28, 0.00]	[10.39, 12.80, 25.01, -10.39]	FALSE	FALSE	FALSE
[300.59, 55.40, 42.42, 0.00]	[10.39, 12.93, 25.29, -10.39]	FALSE	FALSE	FALSE
[300.61, 55.42, 41.55, 0.00]	[10.39, 13.05, 25.57, -10.39]	FALSE	FALSE	FALSE
[300.62, 55.43, 40.68, 0.00]	[10.39, 13.18, 25.86, -10.39]	FALSE	FALSE	FALSE
[300.64, 55.44, 39.82, 0.00]	[10.39, 13.31, 26.14, -10.39]	FALSE	FALSE	FALSE
[300.65, 55.46, 38.95, 0.00]	[10.39, 13.43, 26.42, -10.39]	FALSE	FALSE	FALSE
[300.67, 55.47, 38.08, 0.00]	[10.39, 13.56, 26.71, -10.39]	FALSE	FALSE	FALSE
[300.68, 55.49, 37.22, 0.00]	[10.39, 13.69, 26.99, -10.39]	FALSE	FALSE	FALSE
[300.69, 55.50, 36.35, 0.00]	[10.39, 13.81, 27.27, -10.39]	FALSE	FALSE	FALSE
[300.71, 55.51, 35.48, 0.00]	[10.39, 13.94, 27.56, -10.39]	FALSE	FALSE	FALSE
[300.72, 55.53, 34.62, 0.00]	[10.39, 14.07, 27.84, -10.39]	FALSE	FALSE	FALSE
[300.74, 55.54, 33.75, 0.00]	[10.39, 14.19, 28.12, -10.39]	FALSE	FALSE	FALSE
[300.75, 55.56, 32.88, 0.00]	[10.39, 14.32, 28.41, -10.39]	FALSE	FALSE	FALSE
[300.77, 55.57, 32.02, 0.00]	[10.39, 14.45, 28.69, -10.39]	FALSE	FALSE	FALSE
[300.78, 55.58, 31.15, 0.00]	[10.39, 14.57, 28.97, -10.39]	FALSE	FALSE	FALSE
[300.80, 55.60, 30.28, 0.00]	[10.39, 14.70, 29.26, -10.39]	FALSE	FALSE	FALSE
[300.81, 55.61, 29.42, 0.00]	[10.39, 14.82, 29.54, -10.39]	FALSE	FALSE	FALSE
[300.82, 55.63, 28.55, 0.00]	[10.39, 14.95, 29.82, -10.39]	FALSE	FALSE	FALSE
[300.84, 55.64, 27.68, 0.00]	[10.39, 15.08, 30.10, -10.39]	FALSE	FALSE	FALSE
[300.85, 55.65, 26.82, 0.00]	[10.39, 15.20, 30.39, -10.39]	FALSE	FALSE	FALSE
[300.87, 55.67, 25.95, 0.00]	[10.39, 15.33, 30.67, -10.39]	FALSE	FALSE	FALSE
[300.88, 55.68, 25.08, 0.00]	[10.39, 15.46, 30.95, -10.39]	FALSE	FALSE	FALSE
[300.90, 55.70, 24.22, 0.00]	[10.39, 15.58, 31.24, -10.39]	FALSE	FALSE	FALSE
[300.91, 55.71, 23.35, 0.00]	[10.39, 15.71, 31.52, -10.39]	FALSE	FALSE	FALSE
[300.91, 55.71, 23.35, 0.00]	[10.39, 15.71, 31.52, -10.39]	FALSE	FALSE	FALSE
[300.91, 55.71, 23.35, 0.00]	[10.39, 15.71, 31.52, -10.39]	FALSE	FALSE	FALSE
[300.91, 55.71, 23.35, 0.00]	[10.39, 15.71, 31.52, -10.39]	FALSE	FALSE	FALSE
[300.91, 55.71, 23.35, 0.00]	[10.39, 15.71, 31.52, -10.39]	FALSE	FALSE	FALSE
[300.91, 55.71, 23.35, 0.00]	[10.39, 15.71, 31.52, -10.39]	FALSE	TRUE	FALSE
[300.91, 55.71, 23.35, 0.00]	[10.39, 15.71, 31.52, -10.39]	FALSE	TRUE	FALSE
[300.91, 55.71, 23.35, 0.00]	[10.39, 15.71, 31.52, -10.39]	FALSE	TRUE	FALSE
[300.91, 55.71, 23.35, 0.00]	[10.39, 15.71, 31.52, -10.39]	FALSE	TRUE	FALSE
[300.91, 55.71, 23.35, 0.00]	[10.39, 15.71, 31.52, -10.39]	FALSE	TRUE	FALSE
[300.91, 55.71, 23.35, 0.00]	[10.39, 15.71, 31.52, -10.39]	FALSE	TRUE	FALSE
[300.90, 55.70, 24.18, 0.00]	[10.39, 15.59, 31.25, -10.39]	FALSE	TRUE	FALSE
[300.88, 55.68, 25.01, 0.00]	[10.39, 15.47, 30.98, -10.39]	FALSE	TRUE	FALSE
[300.87, 55.67, 25.85, 0.00]	[10.39, 15.35, 30.70, -10.39]	FALSE	TRUE	FALSE
[300.85, 55.66, 26.68, 0.00]	[10.39, 15.22, 30.43, -10.39]	FALSE	TRUE	FALSE
[300.84, 55.64, 27.51, 0.00]	[10.39, 15.10, 30.16, -10.39]	FALSE	TRUE	FALSE
[300.83, 55.63, 28.34, 0.00]	[10.39, 14.98, 29.89, -10.39]	FALSE	TRUE	FALSE
[300.81, 55.62, 29.17, 0.00]	[10.39, 14.86, 29.62, -10.39]	FALSE	TRUE	FALSE
[300.80, 55.60, 30.01, 0.00]	[10.39, 14.74, 29.35, -10.39]	FALSE	TRUE	FALSE
[300.79, 55.59, 30.84, 0.00]	[10.39, 14.62, 29.07, -10.39]	FALSE	TRUE	FALSE
[300.77, 55.58, 31.67, 0.00]	[10.39, 14.50, 28.80, -10.39]	FALSE	TRUE	FALSE
[300.76, 55.56, 32.50, 0.00]	[10.39, 14.37, 28.53, -10.39]	FALSE	TRUE	FALSE
[300.74, 55.55, 33.33, 0.00]	[10.39, 14.25, 28.26, -10.39]	FALSE	TRUE	FALSE
[300.73, 55.54, 34.17, 0.00]	[10.39, 14.13, 27.99, -10.39]	FALSE	TRUE	FALSE
[300.72, 55.52, 35.00, 0.00]	[10.39, 14.01, 27.71, -10.39]	FALSE	TRUE	FALSE
[300.70, 55.51, 35.83, 0.00]	[10.39, 13.89, 27.44, -10.39]	FALSE	TRUE	FALSE
[300.69, 55.50, 36.66, 0.00]	[10.39, 13.77, 27.17, -10.39]	FALSE	TRUE	FALSE
[300.68, 55.48, 37.49, 0.00]	[10.39, 13.65, 26.90, -10.39]	FALSE	TRUE	FALSE
[300.66, 55.47, 38.33, 0.00]	[10.39, 13.52, 26.63, -10.39]	FALSE	TRUE	FALSE
[300.65, 55.46, 39.16, 0.00]	[10.39, 13.40, 26.36, -10.39]	FALSE	TRUE	FALSE
[300.63, 55.44, 39.99, 0.00]	[10.39, 13.28, 26.08, -10.39]	FALSE	TRUE	FALSE
[300.62, 55.43, 40.82, 0.00]	[10.39, 13.16, 25.81, -10.39]	FALSE	TRUE	FALSE
[300.61, 55.42, 41.65, 0.00]	[10.39, 13.04, 25.54, -10.39]	FALSE	TRUE	FALSE
[300.59, 55.40, 42.49, 0.00]	[10.39, 12.92, 25.27, -10.39]	FALSE	TRUE	FALSE
[300.58, 55.39, 43.32, 0.00]	[10.39, 12.80, 25.00, -10.39]	FALSE	TRUE	FALSE
[300.57, 55.38, 44.15, 0.00]	[10.39, 12.68, 24.73, -10.39]	FALSE	TRUE	FALSE
[300.55, 55.36, 44.98, 0.00]	[10.39, 12.55, 24.45, -10.39]	FALSE	TRUE	FALSE
[300.54, 55.35, 45.81, 0.00]	[10.39, 12.43, 24.18, -10.39]	FALSE	TRUE	FALSE
[300.52, 55.33, 46.65, 0.00]	[10.39, 12.31, 23.91, -10.39]	FALSE	TRUE	FALSE
[300.51, 55.32, 47.48, 0.00]	[10.39, 12.19, 23.64, -10.39]	FALSE	TRUE	FALSE
[300.50, 55.31, 48.31, 0.00]	[10.39, 12.07, 23.37, -10.39]	FALSE	TRUE	FALSE
[300.48, 55.29, 49.14, 0.00]	[10.39, 11.95, 23.09, -10.39]	FALSE	TRUE	FALSE
[300.47, 55.28, 49.97, 0.00]	[10.39, 11.83, 22.82, -10.39]	FALSE	TRUE	FALSE
[300.45, 55.27, 50.81, 0.00]	[10.39, 11.70, 22.55, -10.39]	FALSE	TRUE	FALSE
[300.44, 55.25, 51.64, 0.00]	[10.39, 11.58, 22.28, -10.39]	FALSE	TRUE	FALSE
[300.43, 55.24, 52.47, 0.00]	[10.39, 11.46, 22.01, -10.39]	FALSE	TRUE	FALSE
[300.41, 55.23, 53.30, 0.00]	[10.39, 11.34, 21.74, -10.39]	FALSE	TRUE	FALSE
[300.40, 55.21, 54.13, 0.00]	[10.39, 11.22, 21.46, -10.39]	FALSE	TRUE	FALSE
[300.39, 55.20, 54.97, 0.00]	[10.39, 11.10, 21.19, -10.39]	FALSE	TRUE	FALSE
[300.37, 55.19, 55.80, 0.00]	[10.39, 10.98, 20.92, -10.39]	FALSE	TRUE	FALSE
[300.36, 55.17, 56.63, 0.00]	[10.39, 10.85, 20.65, -10.39]	FALSE	TRUE	FALSE
[300.34, 55.16, 57.46, 0.00]	[10.39, 10.73, 20.38, -10.39]	FALSE	TRUE	FALSE
[300.33, 55.15, 58.29, 0.00]	[10.39, 10.61, 20.10, -10.39]	FALSE	TRUE	FALSE
[300.32, 55.13, 59.13, 0.00]	[10.39, 10.49, 19.83, -10.39]	FALSE	TRUE	FALSE
[300.30, 55.12, 59.96, 0.00]	[10.39, 10.37, 19.56, -10.39]	FALSE	TRUE	FALSE
[300.29, 55.11, 60.79, 0.00]	[10.39, 10.25, 19.29, -10.39]	FALSE	TRUE	FALSE
[300.28, 55.09, 61.62, 0.00]	[10.39, 10.13, 19.02, -10.39]	FALSE	TRUE	FALSE
[300.26, 55.08, 62.45, 0.00]	[10.39, 10.00, 18.75, -10.39]	FALSE	TRUE	FALSE
[300.25, 55.07, 63.29, 0.00]	[10.39, 9.88, 18.47, -10.39]	FALSE	TRUE	FALSE
[300.23, 55.05, 64.12, 0.00]	[10.39, 9.76, 18.20, -10.39]	FALSE	TRUE	FALSE
[300.22, 55.04, 64.95, 0.00]	[10.39, 9.64, 17.93, -10.39]	FALSE	TRUE	FALSE
[300.22, 53.59, 64.18, 0.00]	[10.12, 9.72, 18.19, -10.12]	FALSE	TRUE	FALSE
[300.21, 52.15, 63.40, 0.00]	[9.84, 9.80, 18.45, -9.84]	FALSE	TRUE	FALSE
[300.21, 50.70, 62.63, 0.00]	[9.57, 9.88, 18.71, -9.57]	FALSE	TRUE	FALSE
[300.20, 49.26, 61.85, 0.00]	[9.30, 9.95, 18.97, -9.30]	FALSE	TRUE	FALSE
[300.20, 47.81, 61.08, 0.00]	[9.02, 10.03, 19.23, -9.02]	FALSE	TRUE	FALSE
[300.19, 46.37, 60.31, 0.00]	[8.75, 10.11, 19.49, -8.75]	FALSE	TRUE	FALSE
[300.19, 44.92, 59.53, 0.00]	[8.47, 10.19, 19.76, -8.47]	FALSE	TRUE	FALSE
[300.18, 43.48, 58.76, 0.00]	[8.20, 10.27, 20.02, -8.20]	FALSE	TRUE	FALSE
[300.18, 42.03, 57.99, 0.00]	[7.93, 10.35, 20.28, -7.93]	FALSE	TRUE	FALSE
[300.18, 40.59, 57.21, 0.00]	[7.65, 10.43, 20.54, -7.65]	FALSE	TRUE	FALSE
[300.17, 39.14, 56.44, 0.00]	[7.38, 10.50, 20.80, -7.38]	FALSE	TRUE	FALSE
[300.17, 37.70, 55.66, 0.00]	[7.11, 10.58, 21.06, -7.11]	FALSE	TRUE	FALSE
[300.16, 36.25, 54.89, 0.00]	[6.83, 10.66, 21.32, -6.83]	FALSE	TRUE	FALSE
[300.16, 34.81, 54.12, 0.00]	[6.56, 10.74, 21.58, -6.56]	FALSE	TRUE	FALSE
[300.15, 33.36, 53.34, 0.00]	[6.29, 10.82, 21.84, -6.29]	FALSE	TRUE	FALSE
[300.15, 31.92, 52.57, 0.00]	[6.01, 10.90, 22.10, -6.01]	FALSE	TRUE	FALSE
[300.15, 30.47, 51.80, 0.00]	[5.74, 10.98, 22.36, -5.74]	FALSE	TRUE	FALSE
[300.14, 29.03, 51.02, 0.00]	[5.47, 11.05, 22.62, -5.47]	FALSE	TRUE	FALSE
[300.14, 27.58, 50.25, 0.00]	[5.19, 11.13, 22.89, -5.19]	FALSE	TRUE	FALSE
[300.13, 26.14, 49.47, 0.00]	[4.92, 11.21, 23.15, -4.92]	FALSE	TRUE	FALSE
[300.13, 24.69, 48.70, 0.00]	[4.64, 11.29, 23.41, -4.64]	FALSE	TRUE	FALSE
[300.12, 23.25, 47.93, 0.00]	[4.37, 11.37, 23.67, -4.37]	FALSE	TRUE	FALSE
[300.12, 21.80, 47.15, 0.00]	[4.10, 11.45, 23.93, -4.10]	FALSE	TRUE	FALSE
[300.11, 20.36, 46.38, 0.00]	[3.82, 11.53, 24.19, -3.82]	FALSE	TRUE	FALSE
[300.11, 18.91, 45.61, 0.00]	[3.55, 11.61, 24.45, -3.55]	FALSE	TRUE	FALSE
[300.11, 17.46, 44.83, 0.00]	[3.28, 11.68, 24.71, -3.28]	FALSE	TRUE	FALSE
[300.10, 16.02, 44.06, 0.00]	[3.00, 11.76, 24.97, -3.00]	FALSE	TRUE	FALSE
[300.10, 14.57, 43.28, 0.00]	[2.73, 11.84, 25.23, -2.73]	FALSE	TRUE	FALSE
[300.09, 13.13, 42.51, 0.00]	[2.46, 11.92, 25.49, -2.46]	FALSE	TRUE	FALSE
[300.09, 11.68, 41.74, 0.00]	[2.18, 12.00, 25.75, -2.18]	FALSE	TRUE	FALSE
[300.08, 10.24, 40.96, 0.00]	[1.91, 12.08, 26.01, -1.91]	FALSE	TRUE	FALSE
[300.08, 8.79, 40.19, 0.00]	[1.63, 12.16, 26.28, -1.63]	FALSE	TRUE	FALSE
[300.07, 7.35, 39.41, 0.00]	[1.36, 12.23, 26.54, -1.36]	FALSE	TRUE	FALSE
[300.07, 5.90, 38.64, 0.00]	[1.09, 12.31, 26.80, -1.09]	FALSE	TRUE	FALSE
[300.07, 4.46, 37.87, 0.00]	[0.81, 12.39, 27.06, -0.81]	FALSE	TRUE	FALSE
[300.06, 3.01, 37.09, 0.00]	[0.54, 12.47, 27.32, -0.54]	FALSE	TRUE	FALSE
[300.06, 1.57, 36.32, 0.00]	[0.27, 12.55, 27.58, -0.27]	FALSE	TRUE	FALSE
[300.05, 0.12, 35.55, 0.00]	[-0.01, 12.63, 27.84, 0.01]	FALSE	TRUE	FALSE
[300.05, -1.32, 34.77, 0.00]	[-0.28, 12.71, 28.10, 0.28]	FALSE	TRUE	FALSE
[300.04, -2.77, 34.00, 0.00]	[-0.55, 12.78, 28.36, 0.55]	FALSE	TRUE	FALSE
[300.04, -4.21, 33.22, 0.00]	[-0.83, 12.86, 28.62, 0.83]	FALSE	TRUE	FALSE
[300.04, -5.66, 32.45, 0.00]	[-1.10, 12.94, 28.88, 1.10]	FALSE	TRUE	FALSE
[300.03, -7.10, 31.68, 0.00]	[-1.37, 13.02, 29.14, 1.37]	FALSE	TRUE	FALSE
[300.03, -8.55, 30.90, 0.00]	[-1.65, 13.10, 29.41, 1.65]	FALSE	TRUE	FALSE
[300.02, -9.99, 30.13, 0.00]	[-1.92, 13.18, 29.67, 1.92]	FALSE	TRUE	FALSE
[300.02, -11.44, 29.36, 0.00]	[-2.20, 13.26, 29.93, 2.20]	FALSE	TRUE	FALSE
[300.01, -12.88, 28.58, 0.00]	[-2.47, 13.33, 30.19, 2.47]	FALSE	TRUE	FALSE
[300.01, -14.33, 27.81, 0.00]	[-2.74, 13.41, 30.45, 2.74]	FALSE	TRUE	FALSE
[300.00, -15.77, 27.03, 0.00]	[-3.02, 13.49, 30.71, 3.02]	FALSE	TRUE	FALSE
[300.00, -17.22, 26.26, 0.00]	[-3.29, 13.57, 30.97, 3.29]	FALSE	TRUE	FALSE
[300.00, -17.22, 26.26, 0.00]	[-3.29, 13.57, 30.97, 3.29]	FALSE	TRUE	FALSE
[300.00, -17.22, 26.26, 0.00]	[-3.29, 13.57, 30.97, 3.29]	FALSE	TRUE	FALSE
[300.00, -17.22, 26.26, 0.00]	[-3.29, 13.57, 30.97, 3.29]	FALSE	TRUE	FALSE
[300.00, -17.22, 26.26, 0.00]	[-3.29, 13.57, 30.97, 3.29]	FALSE	TRUE	FALSE
[300.00, -17.22, 26.26, 0.00]	[-3.29, 13.57, 30.97, 3.29]	FALSE	TRUE	FALSE
[300.00, -17.22, 26.26, 0.00]	[-3.29, 13.57, 30.97, 3.29]	FALSE	TRUE	FALSE
[300.00, -17.22, 26.26, 0.00]	[-3.29, 13.57, 30.97, 3.29]	FALSE	TRUE	FALSE
[300.00, -17.22, 26.26, 0.00]	[-3.29, 13.57, 30.97, 3.29]	FALSE	TRUE	FALSE
[300.00, -17.22, 26.26, 0.00]	[-3.29, 13.57, 30.97, 3.29]	FALSE	TRUE	FALSE
[300.00, -17.22, 26.26, 0.00]	[-3.29, 13.57, 30.97, 3.29]	FALSE	TRUE	FALSE
[300.00, -18.23, 25.06, 0.00]	[-3.48, 13.88, 31.34, 3.48]	FALSE	TRUE	FALSE
[300.00, -19.24, 23.87, 0.00]	[-3.67, 14.18, 31.71, 3.67]	FALSE	TRUE	FALSE
[300.00, -20.25, 22.67, 0.00]	[-3.86, 14.49, 32.08, 3.86]	FALSE	TRUE	FALSE
[300.00, -21.26, 21.48, 0.00]	[-4.04, 14.80, 32.45, 4.04]	FALSE	TRUE	FALSE
[300.00, -22.27, 20.28, 0.00]	[-4.23, 15.10, 32.82, 4.23]	FALSE	TRUE	FALSE
[300.00, -23.28, 19.09, 0.00]	[-4.42, 15.41, 33.19, 4.42]	FALSE	TRUE	FALSE
[300.00, -24.29, 17.89, 0.00]	[-4.61, 15.72, 33.56, 4.61]	FALSE	TRUE	FALSE
[300.00, -25.30, 16.70, 0.00]	[-4.80, 16.02, 33.93, 4.80]	FALSE	TRUE	FALSE
[300.00, -26.31, 15.50, 0.00]	[-4.99, 16.33, 34.29, 4.99]	FALSE	TRUE	FALSE
[300.00, -27.32, 14.30, 0.00]	[-5.18, 16.64, 34.66, 5.18]	FALSE	TRUE	FALSE
[300.00, -28.33, 13.11, 0.00]	[-5.36, 16.94, 35.03, 5.36]	FALSE	TRUE	FALSE
[300.00, -29.34, 11.91, 0.00]	[-5.55, 17.25, 35.40, 5.55]	FALSE	TRUE	FALSE
[300.00, -30.36, 10.72, 0.00]	[-5.74, 17.56, 35.77, 5.74]	FALSE	TRUE	FALSE
[300.00, -31.37, 9.52, 0.00]	[-5.93, 17.87, 36.14, 5.93]	FALSE	TRUE	FALSE
[300.00, -32.38, 8.33, 0.00]	[-6.12, 18.17, 36.51, 6.12]	FALSE	TRUE	FALSE
[300.00, -33.39, 7.13, 0.00]	[-6.31, 18.48, 36.88, 6.31]	FALSE	TRUE	FALSE
[300.00, -34.40, 5.93, 0.00]	[-6.50, 18.79, 37.25, 6.50]	FALSE	TRUE	FALSE
[300.00, -35.41, 4.74, 0.00]	[-6.68, 19.09, 37.62, 6.68]	FALSE	TRUE	FALSE
[300.00, -36.42, 3.54, 0.00]	[-6.87, 19.40, 37.99, 6.87]	FALSE	TRUE	FALSE
[300.00, -37.43, 2.35, 0.00]	[-7.06, 19.71, 38.36, 7.06]	FALSE	TRUE	FALSE
[300.00, -38.44, 1.15, 0.00]	[-7.25, 20.01, 38.73, 7.25]	FALSE	TRUE	FALSE
[300.00, -39.45, -0.04, 0.00]	[-7.44, 20.32, 39.10, 7.44]	FALSE	TRUE	FALSE
[300.00, -40.46, -1.24, 0.00]	[-7.63, 20.63, 39.47, 7.63]	FALSE	TRUE	FALSE
[300.00, -41.47, -2.43, 0.00]	[-7.82, 20.93, 39.84, 7.82]	FALSE	TRUE	FALSE
[300.00, -42.48, -3.63, 0.00]	[-8.01, 21.24, 40.21, 8.01]	FALSE	TRUE	FALSE
[300.00, -43.49, -4.83, 0.00]	[-8.19, 21.55, 40.57, 8.19]	FALSE	TRUE	FALSE
[300.00, -44.50, -6.02, 0.00]	[-8.38, 21.85, 40.94, 8.38]	FALSE	TRUE	FALSE
[300.00, -45.51, -7.22, 0.00]	[-8.57, 22.16, 41.31, 8.57]	FALSE	TRUE	FALSE
[300.00, -46.52, -8.41, 0.00]	[-8.76, 22.47, 41.68, 8.76]	FALSE	TRUE	FALSE
[300.00, -47.53, -9.61, 0.00]	[-8.95, 22.77, 42.05, 8.95]	FALSE	TRUE	FALSE
[300.00, -48.54, -10.80, 0.00]	[-9.14, 23.08, 42.42, 9.14]	FALSE	TRUE	FALSE
[300.00, -49.55, -12.00, 0.00]	[-9.33, 23.39, 42.79, 9.33]	FALSE	TRUE	FALSE
[300.00, -50.56, -13.19, 0.00]	[-9.51, 23.69, 43.16, 9.51]	FALSE	TRUE	FALSE
[300.00, -51.57, -14.39, 0.00]	[-9.70, 24.00, 43.53, 9.70]	FALSE	TRUE	FALSE
[300.00, -52.58, -15.59, 0.00]	[-9.89, 24.31, 43.90, 9.89]	FALSE	TRUE	FALSE
[300.00, -53.59, -16.78, 0.00]	[-10.08, 24.61, 44.27, 10.08]	FALSE	TRUE	FALSE
[300.00, -54.60, -17.98, 0.00]	[-10.27, 24.92, 44.64, 10.27]	FALSE	TRUE	FALSE
[300.00, -55.62, -19.17, 0.00]	[-10.46, 25.23, 45.01, 10.46]	FALSE	TRUE	FALSE
[300.00, -56.63, -20.37, 0.00]	[-10.65, 25.54, 45.38, 10.65]	FALSE	TRUE	FALSE
[300.00, -57.64, -21.56, 0.00]	[-10.83, 25.84, 45.75, 10.83]	FALSE	TRUE	FALSE
[300.00, -58.65, -22.76, 0.00]	[-11.02, 26.15, 46.12, 11.02]	FALSE	TRUE	FALSE
[300.00, -59.66, -23.96, 0.00]	[-11.21, 26.46, 46.48, 11.21]	FALSE	TRUE	FALSE
[300.00, -60.67, -25.15, 0.00]	[-11.40, 26.76, 46.85, 11.40]	FALSE	TRUE	FALSE
[300.00, -61.68, -26.35, 0.00]	[-11.59, 27.07, 47.22, 11.59]	FALSE	TRUE	FALSE
[300.00, -62.69, -27.54, 0.00]	[-11.78, 27.38, 47.59, 11.78]	FALSE	TRUE	FALSE
[300.00, -63.70, -28.74, 0.00]	[-11.97, 27.68, 47.96, 11.97]	FALSE	TRUE	FALSE
[300.00, -64.71, -29.93, 0.00]	[-12.15, 27.99, 48.33, 12.15]	FALSE	TRUE	FALSE
[300.00, -65.72, -31.13, 0.00]	[-12.34, 28.30, 48.70, 12.34]	FALSE	TRUE	FALSE
[300.00, -66.73, -32.32, 0.00]	[-12.53, 28.60, 49.07, 12.53]	FALSE	TRUE	FALSE
[300.00, -67.74, -33.52, 0.00]	[-12.72, 28.91, 49.44, 12.72]	FALSE	TRUE	FALSE
[300.00, -67.74, -33.52, 0.00]	[-12.72, 28.91, 49.44, 12.72]	FALSE	TRUE	FALSE
[300.00, -67.74, -33.52, 0.00]	[-12.72, 28.91, 49.44, 12.72]	FALSE	TRUE	FALSE
[300.00, -67.74, -33.52, 0.00]	[-12.72, 28.91, 49.44, 12.72]	FALSE	TRUE	FALSE
[300.00, -67.74, -33.52, 0.00]	[-12.72, 28.91, 49.44, 12.72]	FALSE	TRUE	FALSE
[300.00, -67.74, -33.52, 0.00]	[-12.72, 28.91, 49.44, 12.72]	FALSE	FALSE	FALSE
[300.00, -67.74, -33.52, 0.00]	[-12.72, 28.91, 49.44, 12.72]	FALSE	FALSE	FALSE
[300.00, -67.74, -33.52, 0.00]	[-12.72, 28.91, 49.44, 12.72]	FALSE	FALSE	FALSE
[300.00, -67.74, -33.52, 0.00]	[-12.72, 28.91, 49.44, 12.72]	FALSE	FALSE	FALSE
[300.00, -67.74, -33.52, 0.00]	[-12.72, 28.91, 49.44, 12.72]	FALSE	FALSE	FALSE
[300.00, -67.74, -33.52, 0.00]	[-12.72, 28.91, 49.44, 12.72]	FALSE	FALSE	FALSE
[300.00, -67.74, -31.52, 0.00]	[-12.72, 28.54, 48.80, 12.72]	FALSE	FALSE	FALSE
[300.00, -67.74, -29.51, 0.00]	[-12.72, 28.16, 48.15, 12.72]	FALSE	FALSE	FALSE
[300.00, -67.73, -27.51, 0.00]	[-12.72, 27.79, 47.51, 12.72]	FALSE	FALSE	FALSE
[300.00, -67.73, -25.51, 0.00]	[-12.72, 27.41, 46.86, 12.72]	FALSE	FALSE	FALSE
[300.00, -67.73, -23.50, 0.00]	[-12.72, 27.04, 46.22, 12.72]	FALSE	FALSE	FALSE
[300.00, -67.73, -21.50, 0.00]	[-12.72, 26.66, 45.57, 12.72]	FALSE	FALSE	FALSE
[300.00, -67.72, -19.50, 0.00]	[-12.72, 26.29, 44.93, 12.72]	FALSE	FALSE	FALSE
[300.00, -67.72, -17.49, 0.00]	[-12.72, 25.91, 44.28, 12.72]	FALSE	FALSE	FALSE
[300.00, -67.72, -15.49, 0.00]	[-12.72, 25.54, 43.64, 12.72]	FALSE	FALSE	FALSE
[300.00, -67.72, -13.49, 0.00]	[-12.72, 25.17, 43.00, 12.72]	FALSE	FALSE	FALSE
[300.00, -67.72, -11.48, 0.00]	[-12.72, 24.79, 42.35, 12.72]	FALSE	FALSE	FALSE
[300.00, -67.71, -9.48, 0.00]	[-12.72, 24.42, 41.71, 12.72]	FALSE	FALSE	FALSE
[300.00, -67.71, -7.48, 0.00]	[-12.71, 24.04, 41.06, 12.71]	FALSE	FALSE	FALSE
[300.00, -67.71, -5.48, 0.00]	[-12.71, 23.67, 40.42, 12.71]	FALSE	FALSE	FALSE
[300.00, -67.71, -3.47, 0.00]	[-12.71, 23.29, 39.77, 12.71]	FALSE	FALSE	FALSE
[300.00, -67.70, -1.47, 0.00]	[-12.71, 22.92, 39.13, 12.71]	FALSE	FALSE	FALSE
[300.00, -67.70, 0.53, 0.00]	[-12.71, 22.55, 38.49, 12.71]	FALSE	FALSE	FALSE
[300.00, -67.70, 2.54, 0.00]	[-12.71, 22.17, 37.84, 12.71]	FALSE	FALSE	FALSE
[300.00, -67.70, 4.54, 0.00]	[-12.71, 21.80, 37.20, 12.71]	FALSE	FALSE	FALSE
[300.00, -67.70, 6.54, 0.00]	[-12.71, 21.42, 36.55, 12.71]	FALSE	FALSE	FALSE
[300.00, -67.69, 8.55, 0.00]	[-12.71, 21.05, 35.91, 12.71]	FALSE	FALSE	FALSE
[300.00, -67.69, 10.55, 0.00]	[-12.71, 20.67, 35.26, 12.71]	FALSE	FALSE	FALSE
[300.00, -67.69, 12.55, 0.00]	[-12.71, 20.30, 34.62, 12.71]	FALSE	FALSE	FALSE
[300.00, -67.69, 14.56, 0.00]	[-12.71, 19.92, 33.97, 12.71]	FALSE	FALSE	FALSE
[300.01, -67.69, 16.56, 0.00]	[-12.71, 19.55, 33.33, 12.71]	FALSE	FALSE	FALSE
[300.01, -67.68, 18.56, 0.00]	[-12.71, 19.18, 32.69, 12.71]	FALSE	FALSE	FALSE
[300.01, -67.68, 20.57, 0.00]	[-12.71, 18.80, 32.04, 12.71]	FALSE	FALSE	FALSE
[300.01, -67.68, 22.57, 0.00]	[-12.71, 18.43, 31.40, 12.71]	FALSE	FALSE	FALSE
[300.01, -67.68, 24.57, 0.00]	[-12.71, 18.05, 30.75, 12.71]	FALSE	FALSE	FALSE
[300.01, -67.67, 26.58, 0.00]	[-12.71, 17.68, 30.11, 12.71]	FALSE	FALSE	FALSE
[300.01, -67.67, 28.58, 0.00]	[-12.71, 17.30, 29.46, 12.71]	FALSE	FALSE	FALSE
[300.01, -67.67, 30.58, 0.00]	[-12.71, 16.93, 28.82, 12.71]	FALSE	FALSE	FALSE
[300.01, -67.67, 32.59, 0.00]	[-12.71, 16.55, 28.17, 12.71]	FALSE	FALSE	FALSE
[300.01, -67.67, 34.59, 0.00]	[-12.71, 16.18, 27.53, 12.71]	FALSE	FALSE	FALSE
[300.01, -67.66, 36.59, 0.00]	[-12.71, 15.81, 26.89, 12.71]	FALSE	FALSE	FALSE
[300.01, -67.66, 38.60, 0.00]	[-12.71, 15.43, 26.24, 12.71]	FALSE	FALSE	FALSE
[300.01, -67.66, 40.60, 0.00]	[-12.71, 15.06, 25.60, 12.71]	FALSE	FALSE	FALSE
[300.01, -67.66, 42.60, 0.00]	[-12.70, 14.68, 24.95, 12.70]	FALSE	FALSE	FALSE
[300.01, -67.65, 44.60, 0.00]	[-12.70, 14.31, 24.31, 12.70]	FALSE	FALSE	FALSE
[300.01, -67.65, 46.61, 0.00]	[-12.70, 13.93, 23.66, 12.70]	FALSE	FALSE	FALSE
[300.01, -67.65, 48.61, 0.00]	[-12.70, 13.56, 23.02, 12.70]	FALSE	FALSE	FALSE
[300.01, -67.65, 50.61, 0.00]	[-12.70, 13.19, 22.38, 12.70]	FALSE	FALSE	FALSE
[300.01, -67.65, 52.62, 0.00]	[-12.70, 12.81, 21.73, 12.70]	FALSE	FALSE	FALSE
[300.01, -67.64, 54.62, 0.00]	[-12.70, 12.44, 21.09, 12.70]	FALSE	FALSE	FALSE
[300.01, -67.64, 56.62, 0.00]	[-12.70, 12.06, 20.44, 12.70]	FALSE	FALSE	FALSE
[300.01, -67.64, 58.63, 0.00]	[-12.70, 11.69, 19.80, 12.70]	FALSE	FALSE	FALSE
[300.01, -67.64, 60.63, 0.00]	[-12.70, 11.31, 19.15, 12.70]	FALSE	FALSE	FALSE
[300.01, -67.63, 62.63, 0.00]	[-12.70, 10.94, 18.51, 12.70]	FALSE	FALSE	FALSE
[300.01, -67.63, 64.64, 0.00]	[-12.70, 10.56, 17.86, 12.70]	FALSE	FALSE	FALSE
[300.01, -67.63, 66.64, 0.00]	[-12.70, 10.19, 17.22, 12.70]	FALSE	FALSE	FALSE
[300.01, -67.63, 66.64, 0.00]	[-12.70, 10.19, 17.22, 12.70]	FALSE	FALSE	FALSE
[300.01, -67.63, 66.64, 0.00]	[-12.70, 10.19, 17.22, 12.70]	FALSE	FALSE	FALSE
[300.01, -67.63, 66.64, 0.00]	[-12.70, 10.19, 17.22, 12.70]	FALSE	FALSE	FALSE
[300.01, -67.63, 66.64, 0.00]	[-12.70, 10.19, 17.22, 12.70]	FALSE	FALSE	FALSE
[300.01, -67.63, 66.64, 0.00]	[-12.70, 10.19, 17.22, 12.70]	FALSE	FALSE	FALSE
[300.01, -67.63, 66.64, 0.00]	[-12.70, 10.19, 17.22, 12.70]	FALSE	FALSE	FALSE
[300.01, -67.63, 66.64, 0.00]	[-12.70, 10.19, 17.22, 12.70]	FALSE	FALSE	FALSE
[300.01, -67.63, 66.64, 0.00]	[-12.70, 10.19, 17.22, 12.70]	FALSE	FALSE	FALSE
[300.01, -67.63, 66.64, 0.00]	[-12.70, 10.19, 17.22, 12.70]	FALSE	FALSE	FALSE
[300.01, -67.63, 66.64, 0.00]	[-12.70, 10.19, 17.22, 12.70]	FALSE	FALSE	FALSE
[300.01, -65.18, 66.61, 0.00]	[-12.24, 10.18, 17.23, 12.24]	FALSE	FALSE	FALSE
[300.02, -62.72, 66.57, 0.00]	[-11.78, 10.17, 17.25, 11.78]	FALSE	FALSE	FALSE
[300.02, -60.27, 66.54, 0.00]	[-11.31, 10.16, 17.26, 11.31]	FALSE	FALSE	FALSE
[300.03, -57.82, 66.50, 0.00]	[-10.85, 10.15, 17.28, 10.85]	FALSE	FALSE	FALSE
[300.03, -55.36, 66.47, 0.00]	[-10.39, 10.14, 17.29, 10.39]	FALSE	FALSE	FALSE
[300.04, -52.91, 66.44, 0.00]	[-9.93, 10.12, 17.31, 9.93]	FALSE	FALSE	FALSE
[300.04, -50.46, 66.40, 0.00]	[-9.47, 10.11, 17.32, 9.47]	FALSE	FALSE	FALSE
[300.04, -48.00, 66.37, 0.00]	[-9.01, 10.10, 17.33, 9.01]	FALSE	FALSE	FALSE
[300.05, -45.55, 66.34, 0.00]	[-8.54, 10.09, 17.35, 8.54]	FALSE	FALSE	FALSE
[300.05, -43.10, 66.30, 0.00]	[-8.08, 10.08, 17.36, 8.08]	FALSE	FALSE	FALSE
[300.06, -40.64, 66.27, 0.00]	[-7.62, 10.07, 17.38, 7.62]	FALSE	FALSE	FALSE
[300.06, -38.19, 66.23, 0.00]	[-7.16, 10.06, 17.39, 7.16]	FALSE	FALSE	FALSE
[300.06, -35.74, 66.20, 0.00]	[-6.70, 10.05, 17.40, 6.70]	FALSE	FALSE	FALSE
[300.07, -33.28, 66.17, 0.00]	[-6.23, 10.04, 17.42, 6.23]	FALSE	FALSE	FALSE
[300.07, -30.83, 66.13, 0.00]	[-5.77, 10.03, 17.43, 5.77]	FALSE	FALSE	FALSE
[300.08, -28.38, 66.10, 0.00]	[-5.31, 10.01, 17.45, 5.31]	FALSE	FALSE	FALSE
[300.08, -25.92, 66.07, 0.00]	[-4.85, 10.00, 17.46, 4.85]	FALSE	FALSE	FALSE
[300.09, -23.47, 66.03, 0.00]	[-4.39, 9.99, 17.48, 4.39]	FALSE	FALSE	FALSE
[300.09, -21.02, 66.00, 0.00]	[-3.93, 9.98, 17.49, 3.93]	FALSE	FALSE	FALSE
[300.09, -18.56, 65.96, 0.00]	[-3.46, 9.97, 17.50, 3.46]	FALSE	FALSE	FALSE
[300.10, -16.11, 65.93, 0.00]	[-3.00, 9.96, 17.52, 3.00]	FALSE	FALSE	FALSE
[300.10, -13.66, 65.90, 0.00]	[-2.54, 9.95, 17.53, 2.54]	FALSE	FALSE	FALSE
[300.11, -11.20, 65.86, 0.00]	[-2.08, 9.94, 17.55, 2.08]	FALSE	FALSE	FALSE
[300.11, -8.75, 65.83, 0.00]	[-1.62, 9.93, 17.56, 1.62]	FALSE	FALSE	FALSE
[300.12, -6.30, 65.80, 0.00]	[-1.16, 9.92, 17.58, 1.16]	FALSE	FALSE	FALSE
[300.12, -3.84, 65.76, 0.00]	[-0.69, 9.90, 17.59, 0.69]	FALSE	FALSE	FALSE
[300.12, -1.39, 65.73, 0.00]	[-0.23, 9.89, 17.60, 0.23]	FALSE	FALSE	FALSE
[300.13, 1.07, 65.69, 0.00]	[0.23, 9.88, 17.62, -0.23]	FALSE	FALSE	FALSE
[300.13, 3.52, 65.66, 0.00]	[0.69, 9.87, 17.63, -0.69]	FALSE	FALSE	FALSE
[300.14, 5.97, 65.63, 0.00]	[1.15, 9.86, 17.65, -1.15]	FALSE	FALSE	FALSE
[300.14, 8.43, 65.59, 0.00]	[1.62, 9.85, 17.66, -1.62]	FALSE	FALSE	FALSE
[300.14, 10.88, 65.56, 0.00]	[2.08, 9.84, 17.67, -2.08]	FALSE	FALSE	FALSE
[300.15, 13.33, 65.52, 0.00]	[2.54, 9.83, 17.69, -2.54]	FALSE	FALSE	FALSE
[300.15, 15.79, 65.49, 0.00]	[3.00, 9.82, 17.70, -3.00]	FALSE	FALSE	FALSE
[300.16, 18.24, 65.46, 0.00]	[3.46, 9.81, 17.72, -3.46]	FALSE	FALSE	FALSE
[300.16, 20.69, 65.42, 0.00]	[3.92, 9.79, 17.73, -3.92]	FALSE	FALSE	FALSE
[300.17, 23.15, 65.39, 0.00]	[4.39, 9.78, 17.75, -4.39]	FALSE	FALSE	FALSE
[300.17, 25.60, 65.36, 0.00]	[4.85, 9.77, 17.76, -4.85]	FALSE	FALSE	FALSE
[300.17, 28.05, 65.32, 0.00]	[5.31, 9.76, 17.77, -5.31]	FALSE	FALSE	FALSE
[300.18, 30.51, 65.29, 0.00]	[5.77, 9.75, 17.79, -5.77]	FALSE	FALSE	FALSE
[300.18, 32.96, 65.25, 0.00]	[6.23, 9.74, 17.80, -6.23]	FALSE	FALSE	FALSE
[300.19, 35.41, 65.22, 0.00]	[6.70, 9.73, 17.82, -6.70]	FALSE	FALSE	FALSE
[300.19, 37.87, 65.19, 0.00]	[7.16, 9.72, 17.83, -7.16]	FALSE	FALSE	FALSE
[300.19, 40.32, 65.15, 0.00]	[7.62, 9.71, 17.84, -7.62]	FALSE	FALSE	FALSE
[300.20, 42.77, 65.12, 0.00]	[8.08, 9.70, 17.86, -8.08]	FALSE	FALSE	FALSE
[300.20, 45.23, 65.09, 0.00]	[8.54, 9.68, 17.87, -8.54]	FALSE	FALSE	FALSE
[300.21, 47.68, 65.05, 0.00]	[9.00, 9.67, 17.89, -9.00]	FALSE	FALSE	FALSE
[300.21, 50.13, 65.02, 0.00]	[9.47, 9.66, 17.90, -9.47]	FALSE	FALSE	FALSE
[300.22, 52.59, 64.98, 0.00]	[9.93, 9.65, 17.92, -9.93]	FALSE	FALSE	FALSE
[300.22, 55.04, 64.95, 0.00]	[10.39, 9.64, 17.93, -10.39]	FALSE	FALSE	FALSE
[300.22, 55.04, 64.95, 0.00]	[10.39, 9.64, 17.93, -10.39]	FALSE	FALSE	FALSE
[300.22, 55.04, 64.95, 0.00]	[10.39, 9.64, 17.93, -10.39]	FALSE	FALSE	FALSE
[300.22, 55.04, 64.95, 0.00]	[10.39, 9.64, 17.93, -10.39]	FALSE	FALSE	FALSE
[300.22, 55.04, 64.95, 0.00]	[10.39, 9.64, 17.93, -10.39]	FALSE	FALSE	FALSE
[300.22, 55.04, 64.95, 0.00]	[10.39, 9.64, 17.93, -10.39]	FALSE	FALSE	FALSE
[300.22, 55.04, 64.95, 0.00]	[10.39, 9.64, 17.93, -10.39]	FALSE	FALSE	FALSE
[300.22, 55.04, 64.95, 0.00]	[10.39, 9.64, 17.93, -10.39]	FALSE	FALSE	FALSE
[300.22, 55.04, 64.95, 0.00]	[10.39, 9.64, 17.93, -10.39]	FALSE	FALSE	FALSE
[300.22, 55.04, 64.95, 0.00]	[10.39, 9.64, 17.93, -10.39]	FALSE	FALSE	FALSE
[300.22, 55.04, 64.95, 0.00]	[10.39, 9.64, 17.93, -10.39]	FALSE	FALSE	FALSE
[300.22, 55.04, 63.72, 0.00]	[10.39, 9.85, 18.33, -10.39]	FALSE	FALSE	FALSE
[300.22, 55.04, 62.50, 0.00]	[10.39, 10.05, 18.73, -10.39]	FALSE	FALSE	FALSE
[300.22, 55.04, 61.27, 0.00]	[10.39, 10.26, 19.13, -10.39]	FALSE	FALSE	FALSE
[300.21, 55.04, 60.05, 0.00]	[10.39, 10.47, 19.53, -10.39]	FALSE	FALSE	FALSE
[300.21, 55.04, 58.82, 0.00]	[10.39, 10.68, 19.93, -10.39]	FALSE	FALSE	FALSE
[300.21, 55.04, 57.60, 0.00]	[10.39, 10.88, 20.33, -10.39]	FALSE	FALSE	FALSE
[300.21, 55.04, 56.37, 0.00]	[10.39, 11.09, 20.73, -10.39]	FALSE	FALSE	FALSE
[300.21, 55.04, 55.14, 0.00]	[10.39, 11.30, 21.14, -10.39]	FALSE	FALSE	FALSE
[300.21, 55.04, 53.92, 0.00]	[10.39, 11.50, 21.54, -10.39]	FALSE	FALSE	FALSE
[300.20, 55.04, 52.69, 0.00]	[10.39, 11.71, 21.94, -10.39]	FALSE	FALSE	FALSE
[300.20, 55.04, 51.47, 0.00]	[10.39, 11.92, 22.34, -10.39]	FALSE	FALSE	FALSE
[300.20, 55.04, 50.24, 0.00]	[10.39, 12.13, 22.74, -10.39]	FALSE	FALSE	FALSE
[300.20, 55.04, 49.02, 0.00]	[10.39, 12.33, 23.14, -10.39]	FALSE	FALSE	FALSE
[300.20, 55.04, 47.79, 0.00]	[10.39, 12.54, 23.54, -10.39]	FALSE	FALSE	FALSE
[300.20, 55.04, 46.57, 0.00]	[10.39, 12.75, 23.94, -10.39]	FALSE	FALSE	FALSE
[300.19, 55.03, 45.34, 0.00]	[10.39, 12.95, 24.34, -10.39]	FALSE	FALSE	FALSE
[300.19, 55.03, 44.11, 0.00]	[10.39, 13.16, 24.74, -10.39]	FALSE	FALSE	FALSE
[300.19, 55.03, 42.89, 0.00]	[10.39, 13.37, 25.14, -10.39]	FALSE	FALSE	FALSE
[300.19, 55.03, 41.66, 0.00]	[10.39, 13.58, 25.54, -10.39]	FALSE	FALSE	FALSE
[300.19, 55.03, 40.44, 0.00]	[10.39, 13.78, 25.94, -10.39]	FALSE	FALSE	FALSE
[300.19, 55.03, 39.21, 0.00]	[10.39, 13.99, 26.34, -10.39]	FALSE	FALSE	FALSE
[300.18, 55.03, 37.99, 0.00]	[10.39, 14.20, 26.74, -10.39]	FALSE	FALSE	FALSE
[300.18, 55.03, 36.76, 0.00]	[10.39, 14.40, 27.15, -10.39]	FALSE	FALSE	FALSE
[300.18, 55.03, 35.53, 0.00]	[10.39, 14.61, 27.55, -10.39]	FALSE	FALSE	FALSE
[300.18, 55.03, 34.31, 0.00]	[10.39, 14.82, 27.95, -10.39]	FALSE	FALSE	FALSE
[300.18, 55.03, 33.08, 0.00]	[10.39, 15.03, 28.35, -10.39]	FALSE	FALSE	FALSE
[300.18, 55.03, 31.86, 0.00]	[10.39, 15.23, 28.75, -10.39]	FALSE	FALSE	FALSE
[300.17, 55.03, 30.63, 0.00]	[10.39, 15.44, 29.15, -10.39]	FALSE	FALSE	FALSE
[300.17, 55.03, 29.41, 0.00]	[10.39, 15.65, 29.55, -10.39]	FALSE	FALSE	FALSE
[300.17, 55.03, 28.18, 0.00]	[10.39, 15.86, 29.95, -10.39]	FALSE	FALSE	FALSE
[300.17, 55.03, 26.95, 0.00]	[10.39, 16.06, 30.35, -10.39]	FALSE	FALSE	FALSE
[300.17, 55.03, 25.73, 0.00]	[10.39, 16.27, 30.75, -10.39]	FALSE	FALSE	FALSE
[300.17, 55.03, 24.50, 0.00]	[10.39, 16.48, 31.15, -10.39]	FALSE	FALSE	FALSE
[300.16, 55.03, 23.28, 0.00]	[10.39, 16.68, 31.55, -10.39]	FALSE	FALSE	FALSE
[300.16, 55.03, 22.05, 0.00]	[10.39, 16.89, 31.95, -10.39]	FALSE	FALSE	FALSE
[300.16, 55.03, 20.83, 0.00]	[10.39, 17.10, 32.35, -10.39]	FALSE	FALSE	FALSE
[300.16, 55.03, 19.60, 0.00]	[10.39, 17.31, 32.75, -10.39]	FALSE	FALSE	FALSE
[300.16, 55.03, 18.37, 0.00]	[10.39, 17.51, 33.16, -10.39]	FALSE	FALSE	FALSE
[300.16, 55.03, 17.15, 0.00]	[10.39, 17.72, 33.56, -10.39]	FALSE	FALSE	FALSE
[300.15, 55.03, 15.92, 0.00]	[10.39, 17.93, 33.96, -10.39]	FALSE	FALSE	FALSE
[300.15, 55.03, 14.70, 0.00]	[10.39, 18.13, 34.36, -10.39]	FALSE	FALSE	FALSE
[300.15, 55.03, 13.47, 0.00]	[10.39, 18.34, 34.76, -10.39]	FALSE	FALSE	FALSE
[300.15, 55.03, 12.25, 0.00]	[10.39, 18.55, 35.16, -10.39]	FALSE	FALSE	FALSE
[300.15, 55.03, 11.02, 0.00]	[10.39, 18.76, 35.56, -10.39]	FALSE	FALSE	FALSE
[300.15, 55.03, 9.80, 0.00]	[10.39, 18.96, 35.96, -10.39]	FALSE	FALSE	FALSE
[300.14, 55.02, 8.57, 0.00]	[10.39, 19.17, 36.36, -10.39]	FALSE	FALSE	FALSE
[300.14, 55.02, 7.34, 0.00]	[10.39, 19.38, 36.76, -10.39]	FALSE	FALSE	FALSE
[300.14, 55.02, 6.12, 0.00]	[10.39, 19.58, 37.16, -10.39]	FALSE	FALSE	FALSE
[300.14, 55.02, 4.89, 0.00]	[10.39, 19.79, 37.56, -10.39]	FALSE	FALSE	FALSE
[300.14, 55.02, 3.67, 0.00]	[10.39, 20.00, 37.96, -10.39]	FALSE	FALSE	FALSE
[300.14, 55.02, 2.44, 0.00]	[10.39, 20.21, 38.36, -10.39]	FALSE	FALSE	FALSE
[300.13, 55.02, 1.22, 0.00]	[10.39, 20.41, 38.76, -10.39]	FALSE	FALSE	FALSE
[300.13, 55.02, -0.01, 0.00]	[10.39, 20.62, 39.17, -10.39]	FALSE	FALSE	FALSE
[300.13, 55.02, -1.24, 0.00]	[10.39, 20.83, 39.57, -10.39]	FALSE	FALSE	FALSE
[300.13, 55.02, -2.46, 0.00]	[10.39, 21.03, 39.97, -10.39]	FALSE	FALSE	FALSE
[300.13, 55.02, -3.69, 0.00]	[10.39, 21.24, 40.37, -10.39]	FALSE	FALSE	FALSE
[300.13, 55.02, -4.91, 0.00]	[10.39, 21.45, 40.77, -10.39]	FALSE	FALSE	FALSE
[300.12, 55.02, -6.14, 0.00]	[10.39, 21.66, 41.17, -10.39]	FALSE	FALSE	FALSE
[300.12, 55.02, -7.36, 0.00]	[10.39, 21.86, 41.57, -10.39]	FALSE	FALSE	FALSE
[300.12, 55.02, -8.59, 0.00]	[10.39, 22.07, 41.97, -10.39]	FALSE	FALSE	FALSE
[300.12, 55.02, -8.59, 0.00]	[10.39, 22.07, 41.97, -10.39]	FALSE	FALSE	FALSE
[300.12, 55.02, -8.59, 0.00]	[10.39, 22.07, 41.97, -10.39]	FALSE	FALSE	FALSE
[300.12, 55.02, -8.59, 0.00]	[10.39, 22.07, 41.97, -10.39]	FALSE	FALSE	FALSE
[300.12, 55.02, -8.59, 0.00]	[10.39, 22.07, 41.97, -10.39]	FALSE	FALSE	FALSE
[300.12, 55.02, -8.59, 0.00]	[10.39, 22.07, 41.97, -10.39]	FALSE	TRUE	FALSE
[300.12, 55.02, -8.59, 0.00]	[10.39, 22.07, 41.97, -10.39]	FALSE	TRUE	FALSE
[300.12, 55.02, -8.59, 0.00]	[10.39, 22.07, 41.97, -10.39]	FALSE	TRUE	FALSE
[300.12, 55.02, -8.59, 0.00]	[10.39, 22.07, 41.97, -10.39]	FALSE	TRUE	FALSE
[300.12, 55.02, -8.59, 0.00]	[10.39, 22.07, 41.97, -10.39]	FALSE	TRUE	FALSE
[300.12, 55.02, -8.59, 0.00]	[10.39, 22.07, 41.97, -10.39]	FALSE	TRUE	FALSE
[300.12, 55.02, -7.12, 0.00]	[10.39, 21.82, 41.49, -10.39]	FALSE	TRUE	FALSE
[300.12, 55.02, -5.65, 0.00]	[10.39, 21.57, 41.01, -10.39]	FALSE	TRUE	FALSE
[300.13, 55.02, -4.18, 0.00]	[10.39, 21.32, 40.53, -10.39]	FALSE	TRUE	FALSE
[300.13, 55.02, -2.71, 0.00]	[10.39, 21.08, 40.05, -10.39]	FALSE	TRUE	FALSE
[300.13, 55.02, -1.24, 0.00]	[10.39, 20.83, 39.57, -10.39]	FALSE	TRUE	FALSE
[300.13, 55.02, 0.23, 0.00]	[10.39, 20.58, 39.09, -10.39]	FALSE	TRUE	FALSE
[300.13, 55.02, 1.71, 0.00]	[10.39, 20.33, 38.60, -10.39]	FALSE	TRUE	FALSE
[300.14, 55.02, 3.18, 0.00]	[10.39, 20.08, 38.12, -10.39]	FALSE	TRUE	FALSE
[300.14, 55.02, 4.65, 0.00]	[10.39, 19.83, 37.64, -10.39]	FALSE	TRUE	FALSE
[300.14, 55.02, 6.12, 0.00]	[10.39, 19.58, 37.16, -10.39]	FALSE	TRUE	FALSE
[300.14, 55.02, 7.59, 0.00]	[10.39, 19.34, 36.68, -10.39]	FALSE	TRUE	FALSE
[300.14, 55.02, 9.06, 0.00]	[10.39, 19.09, 36.20, -10.39]	FALSE	TRUE	FALSE
[300.15, 55.03, 10.53, 0.00]	[10.39, 18.84, 35.72, -10.39]	FALSE	TRUE	FALSE
[300.15, 55.03, 12.00, 0.00]	[10.39, 18.59, 35.24, -10.39]	FALSE	TRUE	FALSE
[300.15, 55.03, 13.47, 0.00]	[10.39, 18.34, 34.76, -10.39]	FALSE	TRUE	FALSE
[300.15, 55.03, 14.94, 0.00]	[10.39, 18.09, 34.28, -10.39]	FALSE	TRUE	FALSE
[300.15, 55.03, 16.41, 0.00]	[10.39, 17.84, 33.80, -10.39]	FALSE	TRUE	FALSE
[300.16, 55.03, 17.88, 0.00]	[10.39, 17.60, 33.32, -10.39]	FALSE	TRUE	FALSE
[300.16, 55.03, 19.36, 0.00]	[10.39, 17.35, 32.83, -10.39]	FALSE	TRUE	FALSE
[300.16, 55.03, 20.83, 0.00]	[10.39, 17.10, 32.35, -10.39]	FALSE	TRUE	FALSE
[300.16, 55.03, 22.30, 0.00]	[10.39, 16.85, 31.87, -10.39]	FALSE	TRUE	FALSE
[300.16, 55.03, 23.77, 0.00]	[10.39, 16.60, 31.39, -10.39]	FALSE	TRUE	FALSE
[300.17, 55.03, 25.24, 0.00]	[10.39, 16.35, 30.91, -10.39]	FALSE	TRUE	FALSE
[300.17, 55.03, 26.71, 0.00]	[10.39, 16.10, 30.43, -10.39]	FALSE	TRUE	FALSE
[300.17, 55.03, 28.18, 0.00]	[10.39, 15.86, 29.95, -10.39]	FALSE	TRUE	FALSE
[300.17, 55.03, 29.65, 0.00]	[10.39, 15.61, 29.47, -10.39]	FALSE	TRUE	FALSE
[300.17, 55.03, 31.12, 0.00]	[10.39, 15.36, 28.99, -10.39]	FALSE	TRUE	FALSE
[300.18, 55.03, 32.59, 0.00]	[10.39, 15.11, 28.51, -10.39]	FALSE	TRUE	FALSE
[300.18, 55.03, 34.06, 0.00]	[10.39, 14.86, 28.03, -10.39]	FALSE	TRUE	FALSE
[300.18, 55.03, 35.53, 0.00]	[10.39, 14.61, 27.55, -10.39]	FALSE	TRUE	FALSE
[300.18, 55.03, 37.00, 0.00]	[10.39, 14.36, 27.07, -10.39]	FALSE	TRUE	FALSE
[300.18, 55.03, 38.48, 0.00]	[10.39, 14.11, 26.58, -10.39]	FALSE	TRUE	FALSE
[300.19, 55.03, 39.95, 0.00]	[10.39, 13.87, 26.10, -10.39]	FALSE	TRUE	FALSE
[300.19, 55.03, 41.42, 0.00]	[10.39, 13.62, 25.62, -10.39]	FALSE	TRUE	FALSE
[300.19, 55.03, 42.89, 0.00]	[10.39, 13.37, 25.14, -10.39]	FALSE	TRUE	FALSE
[300.19, 55.03, 44.36, 0.00]	[10.39, 13.12, 24.66, -10.39]	FALSE	TRUE	FALSE
[300.19, 55.03, 45.83, 0.00]	[10.39, 12.87, 24.18, -10.39]	FALSE	TRUE	FALSE
[300.20, 55.04, 47.30, 0.00]	[10.39, 12.62, 23.70, -10.39]	FALSE	TRUE	FALSE
[300.20, 55.04, 48.77, 0.00]	[10.39, 12.37, 23.22, -10.39]	FALSE	TRUE	FALSE
[300.20, 55.04, 50.24, 0.00]	[10.39, 12.13, 22.74, -10.39]	FALSE	TRUE	FALSE
[300.20, 55.04, 51.71, 0.00]	[10.39, 11.88, 22.26, -10.39]	FALSE	TRUE	FALSE
[300.20, 55.04, 53.18, 0.00]	[10.39, 11.63, 21.78, -10.39]	FALSE	TRUE	FALSE
[300.21, 55.04, 54.65, 0.00]	[10.39, 11.38, 21.30, -10.39]	FALSE	TRUE	FALSE
[300.21, 55.04, 56.13, 0.00]	[10.39, 11.13, 20.81, -10.39]	FALSE	TRUE	FALSE
[300.21, 55.04, 57.60, 0.00]	[10.39, 10.88, 20.33, -10.39]	FALSE	TRUE	FALSE
[300.21, 55.04, 59.07, 0.00]	[10.39, 10.63, 19.85, -10.39]	FALSE	TRUE	FALSE
[300.21, 55.04, 60.54, 0.00]	[10.39, 10.39, 19.37, -10.39]	FALSE	TRUE	FALSE
[300.22, 55.04, 62.01, 0.00]	[10.39, 10.14, 18.89, -10.39]	FALSE	TRUE	FALSE
[300.22, 55.04, 63.48, 0.00]	[10.39, 9.89, 18.41, -10.39]	FALSE	TRUE	FALSE
[300.22, 55.04, 64.95, 0.00]	[10.39, 9.64, 17.93, -10.39]	FALSE	TRUE	FALSE
[300.22, 55.04, 64.95, 0.00]	[10.39, 9.64, 17.93, -10.39]	FALSE	TRUE	FALSE
[300.22, 55.04, 64.95, 0.00]	[10.39, 9.64, 17.93, -10.39]	FALSE	TRUE	FALSE
[300.22, 55.04, 64.95, 0.00]	[10.39, 9.64, 17.93, -10.39]	FALSE	TRUE	FALSE
[300.22, 55.04, 64.95, 0.00]	[10.39, 9.64, 17.93, -10.39]	FALSE	TRUE	FALSE
[300.22, 55.04, 64.95, 0.00]	[10.39, 9.64, 17.93, -10.39]	FALSE	TRUE	FALSE
[300.22, 55.04, 64.95, 0.00]	[10.39, 9.64, 17.93, -10.39]	FALSE	TRUE	FALSE
[300.22, 55.04, 64.95, 0.00]	[10.39, 9.64, 17.93, -10.39]	FALSE	TRUE	FALSE
[300.22, 55.04, 64.95, 0.00]	[10.39, 9.64, 17.93, -10.39]	FALSE	TRUE	FALSE
[300.22, 55.04, 64.95, 0.00]	[10.39, 9.64, 17.93, -10.39]	FALSE	TRUE	FALSE
[300.22, 55.04, 64.95, 0.00]	[10.39, 9.64, 17.93, -10.39]	FALSE	TRUE	FALSE
[300.23, 53.66, 64.21, 0.00]	[10.13, 9.71, 18.18, -10.13]	FALSE	TRUE	FALSE
[300.23, 52.28, 63.48, 0.00]	[9.87, 9.79, 18.43, -9.87]	FALSE	TRUE	FALSE
[300.24, 50.90, 62.74, 0.00]	[9.61, 9.86, 18.68, -9.61]	FALSE	TRUE	FALSE
[300.25, 49.52, 62.00, 0.00]	[9.34, 9.94, 18.92, -9.34]	FALSE	TRUE	FALSE
[300.25, 48.14, 61.27, 0.00]	[9.08, 10.01, 19.17, -9.08]	FALSE	TRUE	FALSE
[300.26, 46.76, 60.53, 0.00]	[8.82, 10.09, 19.42, -8.82]	FALSE	TRUE	FALSE
[300.27, 45.38, 59.79, 0.00]	[8.56, 10.16, 19.67, -8.56]	FALSE	TRUE	FALSE
[300.27, 44.00, 59.05, 0.00]	[8.30, 10.24, 19.92, -8.30]	FALSE	TRUE	FALSE
[300.28, 42.62, 58.32, 0.00]	[8.04, 10.31, 20.17, -8.04]	FALSE	TRUE	FALSE
[300.29, 41.24, 57.58, 0.00]	[7.78, 10.39, 20.41, -7.78]	FALSE	TRUE	FALSE
[300.29, 39.86, 56.84, 0.00]	[7.51, 10.46, 20.66, -7.51]	FALSE	TRUE	FALSE
[300.30, 38.48, 56.11, 0.00]	[7.25, 10.54, 20.91, -7.25]	FALSE	TRUE	FALSE
[300.31, 37.11, 55.37, 0.00]	[6.99, 10.61, 21.16, -6.99]	FALSE	TRUE	FALSE
[300.32, 35.73, 54.63, 0.00]	[6.73, 10.68, 21.41, -6.73]	FALSE	TRUE	FALSE
[300.32, 34.35, 53.90, 0.00]	[6.47, 10.76, 21.66, -6.47]	FALSE	TRUE	FALSE
[300.33, 32.97, 53.16, 0.00]	[6.21, 10.83, 21.90, -6.21]	FALSE	TRUE	FALSE
[300.34, 31.59, 52.42, 0.00]	[5.95, 10.91, 22.15, -5.95]	FALSE	TRUE	FALSE
[300.34, 30.21, 51.68, 0.00]	[5.68, 10.98, 22.40, -5.68]	FALSE	TRUE	FALSE
[300.35, 28.83, 50.95, 0.00]	[5.42, 11.06, 22.65, -5.42]	FALSE	TRUE	FALSE
[300.36, 27.45, 50.21, 0.00]	[5.16, 11.13, 22.90, -5.16]	FALSE	TRUE	FALSE
[300.36, 26.07, 49.47, 0.00]	[4.90, 11.21, 23.15, -4.90]	FALSE	TRUE	FALSE
[300.37, 24.69, 48.74, 0.00]	[4.64, 11.28, 23.39, -4.64]	FALSE	TRUE	FALSE
[300.38, 23.31, 48.00, 0.00]	[4.38, 11.36, 23.64, -4.38]	FALSE	TRUE	FALSE
[300.38, 21.93, 47.26, 0.00]	[4.12, 11.43, 23.89, -4.12]	FALSE	TRUE	FALSE
[300.39, 20.55, 46.53, 0.00]	[3.86, 11.51, 24.14, -3.86]	FALSE	TRUE	FALSE
[300.40, 19.17, 45.79, 0.00]	[3.59, 11.58, 24.39, -3.59]	FALSE	TRUE	FALSE
[300.40, 17.79, 45.05, 0.00]	[3.33, 11.65, 24.64, -3.33]	FALSE	TRUE	FALSE
[300.41, 16.41, 44.31, 0.00]	[3.07, 11.73, 24.89, -3.07]	FALSE	TRUE	FALSE
[300.42, 15.03, 43.58, 0.00]	[2.81, 11.80, 25.13, -2.81]	FALSE	TRUE	FALSE
[300.42, 13.65, 42.84, 0.00]	[2.55, 11.88, 25.38, -2.55]	FALSE	TRUE	FALSE
[300.43, 12.27, 42.10, 0.00]	[2.29, 11.95, 25.63, -2.29]	FALSE	TRUE	FALSE
[300.44, 10.89, 41.37, 0.00]	[2.03, 12.03, 25.88, -2.03]	FALSE	TRUE	FALSE
[300.44, 9.51, 40.63, 0.00]	[1.76, 12.10, 26.13, -1.76]	FALSE	TRUE	FALSE
[300.45, 8.13, 39.89, 0.00]	[1.50, 12.18, 26.38, -1.50]	FALSE	TRUE	FALSE
[300.46, 6.75, 39.16, 0.00]	[1.24, 12.25, 26.62, -1.24]	FALSE	TRUE	FALSE
[300.46, 5.37, 38.42, 0.00]	[0.98, 12.33, 26.87, -0.98]	FALSE	TRUE	FALSE
[300.47, 3.99, 37.68, 0.00]	[0.72, 12.40, 27.12, -0.72]	FALSE	TRUE	FALSE
[300.48, 2.62, 36.94, 0.00]	[0.46, 12.47, 27.37, -0.46]	FALSE	TRUE	FALSE
[300.49, 1.24, 36.21, 0.00]	[0.20, 12.55, 27.62, -0.20]	FALSE	TRUE	FALSE
[300.49, -0.14, 35.47, 0.00]	[-0.07, 12.62, 27.87, 0.07]	FALSE	TRUE	FALSE
[300.50, -1.52, 34.73, 0.00]	[-0.33, 12.70, 28.11, 0.33]	FALSE	TRUE	FALSE
[300.51, -2.90, 34.00, 0.00]	[-0.59, 12.77, 28.36, 0.59]	FALSE	TRUE	FALSE
[300.51, -4.28, 33.26, 0.00]	[-0.85, 12.85, 28.61, 0.85]	FALSE	TRUE	FALSE
[300.52, -5.66, 32.52, 0.00]	[-1.11, 12.92, 28.86, 1.11]	FALSE	TRUE	FALSE
[300.53, -7.04, 31.79, 0.00]	[-1.37, 13.00, 29.11, 1.37]	FALSE	TRUE	FALSE
[300.53, -8.42, 31.05, 0.00]	[-1.63, 13.07, 29.36, 1.63]	FALSE	TRUE	FALSE
[300.54, -9.80, 30.31, 0.00]	[-1.90, 13.15, 29.60, 1.90]	FALSE	TRUE	FALSE
[300.55, -11.18, 29.57, 0.00]	[-2.16, 13.22, 29.85, 2.16]	FALSE	TRUE	FALSE
[300.55, -12.56, 28.84, 0.00]	[-2.42, 13.30, 30.10, 2.42]	FALSE	TRUE	FALSE
[300.56, -13.94, 28.10, 0.00]	[-2.68, 13.37, 30.35, 2.68]	FALSE	TRUE	FALSE
[300.56, -13.94, 28.10, 0.00]	[-2.68, 13.37, 30.35, 2.68]	FALSE	TRUE	FALSE
[300.56, -13.94, 28.10, 0.00]	[-2.68, 13.37, 30.35, 2.68]	FALSE	TRUE	FALSE
[300.56, -13.94, 28.10, 0.00]	[-2.68, 13.37, 30.35, 2.68]	FALSE	TRUE	FALSE
[300.56, -13.94, 28.10, 0.00]	[-2.68, 13.37, 30.35, 2.68]	FALSE	TRUE	FALSE
[300.56, -13.94, 28.10, 0.00]	[-2.68, 13.37, 30.35, 2.68]	FALSE	TRUE	FALSE
[300.56, -13.94, 28.10, 0.00]	[-2.68, 13.37, 30.35, 2.68]	FALSE	TRUE	FALSE
[300.56, -13.94, 28.10, 0.00]	[-2.68, 13.37, 30.35, 2.68]	FALSE	TRUE	FALSE
[300.56, -13.94, 28.10, 0.00]	[-2.68, 13.37, 30.35, 2.68]	FALSE	TRUE	FALSE
[300.56, -13.94, 28.10, 0.00]	[-2.68, 13.37, 30.35, 2.68]	FALSE	TRUE	FALSE
[300.56, -13.94, 28.10, 0.00]	[-2.68, 13.37, 30.35, 2.68]	FALSE	TRUE	FALSE
[300.55, -14.50, 26.89, 0.00]	[-2.79, 13.65, 30.74, 2.79]	FALSE	TRUE	FALSE
[300.54, -15.06, 25.68, 0.00]	[-2.89, 13.94, 31.13, 2.89]	FALSE	TRUE	FALSE
[300.53, -15.62, 24.48, 0.00]	[-3.00, 14.22, 31.52, 3.00]	FALSE	TRUE	FALSE
[300.52, -16.18, 23.27, 0.00]	[-3.10, 14.50, 31.91, 3.10]	FALSE	TRUE	FALSE
[300.50, -16.74, 22.06, 0.00]	[-3.21, 14.79, 32.30, 3.21]	FALSE	TRUE	FALSE
[300.49, -17.30, 20.85, 0.00]	[-3.31, 15.07, 32.69, 3.31]	FALSE	TRUE	FALSE
[300.48, -17.86, 19.64, 0.00]	[-3.42, 15.35, 33.08, 3.42]	FALSE	TRUE	FALSE
[300.47, -18.42, 18.43, 0.00]	[-3.52, 15.64, 33.47, 3.52]	FALSE	TRUE	FALSE
[300.46, -18.98, 17.23, 0.00]	[-3.63, 15.92, 33.86, 3.63]	FALSE	TRUE	FALSE
[300.45, -19.54, 16.02, 0.00]	[-3.74, 16.20, 34.25, 3.74]	FALSE	TRUE	FALSE
[300.44, -20.10, 14.81, 0.00]	[-3.84, 16.49, 34.64, 3.84]	FALSE	TRUE	FALSE
[300.43, -20.66, 13.60, 0.00]	[-3.95, 16.77, 35.03, 3.95]	FALSE	TRUE	FALSE
[300.41, -21.22, 12.39, 0.00]	[-4.05, 17.05, 35.42, 4.05]	FALSE	TRUE	FALSE
[300.40, -21.78, 11.19, 0.00]	[-4.16, 17.34, 35.81, 4.16]	FALSE	TRUE	FALSE
[300.39, -22.34, 9.98, 0.00]	[-4.26, 17.62, 36.20, 4.26]	FALSE	TRUE	FALSE
[300.38, -22.90, 8.77, 0.00]	[-4.37, 17.90, 36.59, 4.37]	FALSE	TRUE	FALSE
[300.37, -23.46, 7.56, 0.00]	[-4.48, 18.19, 36.98, 4.48]	FALSE	TRUE	FALSE
[300.36, -24.02, 6.35, 0.00]	[-4.58, 18.47, 37.37, 4.58]	FALSE	TRUE	FALSE
[300.35, -24.58, 5.14, 0.00]	[-4.69, 18.75, 37.76, 4.69]	FALSE	TRUE	FALSE
[300.34, -25.14, 3.94, 0.00]	[-4.79, 19.04, 38.15, 4.79]	FALSE	TRUE	FALSE
[300.32, -25.70, 2.73, 0.00]	[-4.90, 19.32, 38.54, 4.90]	FALSE	TRUE	FALSE
[300.31, -26.26, 1.52, 0.00]	[-5.00, 19.60, 38.93, 5.00]	FALSE	TRUE	FALSE
[300.30, -26.82, 0.31, 0.00]	[-5.11, 19.89, 39.32, 5.11]	FALSE	TRUE	FALSE
[300.29, -27.38, -0.90, 0.00]	[-5.21, 20.17, 39.71, 5.21]	FALSE	TRUE	FALSE
[300.28, -27.94, -2.11, 0.00]	[-5.32, 20.46, 40.11, 5.32]	FALSE	TRUE	FALSE
[300.27, -28.49, -3.31, 0.00]	[-5.43, 20.74, 40.50, 5.43]	FALSE	TRUE	FALSE
[300.26, -29.05, -4.52, 0.00]	[-5.53, 21.02, 40.89, 5.53]	FALSE	TRUE	FALSE
[300.25, -29.61, -5.73, 0.00]	[-5.64, 21.31, 41.28, 5.64]	FALSE	TRUE	FALSE
[300.24, -30.17, -6.94, 0.00]	[-5.74, 21.59, 41.67, 5.74]	FALSE	TRUE	FALSE
[300.22, -30.73, -8.15, 0.00]	[-5.85, 21.87, 42.06, 5.85]	FALSE	TRUE	FALSE
[300.21, -31.29, -9.35, 0.00]	[-5.95, 22.16, 42.45, 5.95]	FALSE	TRUE	FALSE
[300.20, -31.85, -10.56, 0.00]	[-6.06, 22.44, 42.84, 6.06]	FALSE	TRUE	FALSE
[300.19, -32.41, -11.77, 0.00]	[-6.16, 22.72, 43.23, 6.16]	FALSE	TRUE	FALSE
[300.18, -32.97, -12.98, 0.00]	[-6.27, 23.01, 43.62, 6.27]	FALSE	TRUE	FALSE
[300.17, -33.53, -14.19, 0.00]	[-6.38, 23.29, 44.01, 6.38]	FALSE	TRUE	FALSE
[300.16, -34.09, -15.40, 0.00]	[-6.48, 23.57, 44.40, 6.48]	FALSE	TRUE	FALSE
[300.15, -34.65, -16.60, 0.00]	[-6.59, 23.86, 44.79, 6.59]	FALSE	TRUE	FALSE
[300.13, -35.21, -17.81, 0.00]	[-6.69, 24.14, 45.18, 6.69]	FALSE	TRUE	FALSE
[300.12, -35.77, -19.02, 0.00]	[-6.80, 24.42, 45.57, 6.80]	FALSE	TRUE	FALSE
[300.11, -36.33, -20.23, 0.00]	[-6.90, 24.71, 45.96, 6.90]	FALSE	TRUE	FALSE
[300.10, -36.89, -21.44, 0.00]	[-7.01, 24.99, 46.35, 7.01]	FALSE	TRUE	FALSE
[300.09, -37.45, -22.64, 0.00]	[-7.12, 25.27, 46.74, 7.12]	FALSE	TRUE	FALSE
[300.08, -38.01, -23.85, 0.00]	[-7.22, 25.56, 47.13, 7.22]	FALSE	TRUE	FALSE
[300.07, -38.57, -25.06, 0.00]	[-7.33, 25.84, 47.52, 7.33]	FALSE	TRUE	FALSE
[300.06, -39.13, -26.27, 0.00]	[-7.43, 26.12, 47.91, 7.43]	FALSE	TRUE	FALSE
[300.04, -39.69, -27.48, 0.00]	[-7.54, 26.41, 48.30, 7.54]	FALSE	TRUE	FALSE
[300.03, -40.25, -28.69, 0.00]	[-7.64, 26.69, 48.69, 7.64]	FALSE	TRUE	FALSE
[300.02, -40.81, -29.89, 0.00]	[-7.75, 26.97, 49.08, 7.75]	FALSE	TRUE	FALSE
[300.01, -41.37, -31.10, 0.00]	[-7.85, 27.26, 49.47, 7.85]	FALSE	TRUE	FALSE
[300.00, -41.93, -32.31, 0.00]	[-7.96, 27.54, 49.86, 7.96]	FALSE	TRUE	FALSE
[300.00, -41.93, -32.31, 0.00]	[-7.96, 27.54, 49.86, 7.96]	FALSE	TRUE	FALSE
[300.00, -41.93, -32.31, 0.00]	[-7.96, 27.54, 49.86, 7.96]	FALSE	TRUE	FALSE
[300.00, -41.93, -32.31, 0.00]	[-7.96, 27.54, 49.86, 7.96]	FALSE	TRUE	FALSE
[300.00, -41.93, -32.31, 0.00]	[-7.96, 27.54, 49.86, 7.96]	FALSE	TRUE	FALSE
[300.00, -41.93, -32.31, 0.00]	[-7.96, 27.54, 49.86, 7.96]	FALSE	TRUE	FALSE
[300.00, -41.93, -32.31, 0.00]	[-7.96, 27.54, 49.86, 7.96]	FALSE	FALSE	FALSE
[300.00, -41.93, -32.31, 0.00]	[-7.96, 27.54, 49.86, 7.96]	FALSE	FALSE	FALSE
[300.00, -41.93, -32.31, 0.00]	[-7.96, 27.54, 49.86, 7.96]	FALSE	FALSE	FALSE
[300.00, -41.93, -32.31, 0.00]	[-7.96, 27.54, 49.86, 7.96]	FALSE	FALSE	FALSE
[300.00, -41.93, -32.31, 0.00]	[-7.96, 27.54, 49.86, 7.96]	FALSE	FALSE	FALSE
[300.00, -42.44, -30.33, 0.00]	[-8.05, 27.19, 49.21, 8.05]	FALSE	FALSE	FALSE
[300.00, -42.96, -28.35, 0.00]	[-8.15, 26.85, 48.55, 8.15]	FALSE	FALSE	FALSE
[300.00, -43.47, -26.37, 0.00]	[-8.24, 26.50, 47.90, 8.24]	FALSE	FALSE	FALSE
[300.00, -43.99, -24.39, 0.00]	[-8.34, 26.15, 47.25, 8.34]	FALSE	FALSE	FALSE
[300.00, -44.50, -22.42, 0.00]	[-8.43, 25.81, 46.60, 8.43]	FALSE	FALSE	FALSE
[300.00, -45.01, -20.44, 0.00]	[-8.53, 25.46, 45.94, 8.53]	FALSE	FALSE	FALSE
[300.00, -45.53, -18.46, 0.00]	[-8.62, 25.11, 45.29, 8.62]	FALSE	FALSE	FALSE
[300.00, -46.04, -16.48, 0.00]	[-8.72, 24.76, 44.64, 8.72]	FALSE	FALSE	FALSE
[300.00, -46.56, -14.50, 0.00]	[-8.81, 24.42, 43.98, 8.81]	FALSE	FALSE	FALSE
[300.00, -47.07, -12.52, 0.00]	[-8.91, 24.07, 43.33, 8.91]	FALSE	FALSE	FALSE
[300.00, -47.58, -10.54, 0.00]	[-9.00, 23.72, 42.68, 9.00]	FALSE	FALSE	FALSE
[300.00, -48.10, -8.56, 0.00]	[-9.10, 23.38, 42.03, 9.10]	FALSE	FALSE	FALSE
[300.00, -48.61, -6.58, 0.00]	[-9.19, 23.03, 41.37, 9.19]	FALSE	FALSE	FALSE
[300.00, -49.13, -4.60, 0.00]	[-9.29, 22.68, 40.72, 9.29]	FALSE	FALSE	FALSE
[300.00, -49.64, -2.63, 0.00]	[-9.38, 22.34, 40.07, 9.38]	FALSE	FALSE	FALSE
[300.00, -50.15, -0.65, 0.00]	[-9.48, 21.99, 39.42, 9.48]	FALSE	FALSE	FALSE
[300.00, -50.67, 1.33, 0.00]	[-9.57, 21.64, 38.76, 9.57]	FALSE	FALSE	FALSE
[300.00, -51.18, 3.31, 0.00]	[-9.67, 21.29, 38.11, 9.67]	FALSE	FALSE	FALSE
[300.00, -51.70, 5.29, 0.00]	[-9.76, 20.95, 37.46, 9.76]	FALSE	FALSE	FALSE
[300.00, -52.21, 7.27, 0.00]	[-9.86, 20.60, 36.80, 9.86]	FALSE	FALSE	FALSE
[300.00, -52.72, 9.25, 0.00]	[-9.95, 20.25, 36.15, 9.95]	FALSE	FALSE	FALSE
[300.00, -53.24, 11.23, 0.00]	[-10.05, 19.91, 35.50, 10.05]	FALSE	FALSE	FALSE
[300.00, -53.75, 13.21, 0.00]	[-10.14, 19.56, 34.85, 10.14]	FALSE	FALSE	FALSE
[300.00, -54.27, 15.19, 0.00]	[-10.24, 19.21, 34.19, 10.24]	FALSE	FALSE	FALSE
[300.01, -54.78, 17.17, 0.00]	[-10.33, 18.87, 33.54, 10.33]	FALSE	FALSE	FALSE
[300.01, -55.29, 19.14, 0.00]	[-10.42, 18.52, 32.89, 10.42]	FALSE	FALSE	FALSE
[300.01, -55.81, 21.12, 0.00]	[-10.52, 18.17, 32.23, 10.52]	FALSE	FALSE	FALSE
[300.01, -56.32, 23.10, 0.00]	[-10.61, 17.82, 31.58, 10.61]	FALSE	FALSE	FALSE
[300.01, -56.84, 25.08, 0.00]	[-10.71, 17.48, 30.93, 10.71]	FALSE	FALSE	FALSE
[300.01, -57.35, 27.06, 0.00]	[-10.80, 17.13, 30.28, 10.80]	FALSE	FALSE	FALSE
[300.01, -57.86, 29.04, 0.00]	[-10.90, 16.78, 29.62, 10.90]	FALSE	FALSE	FALSE
[300.01, -58.38, 31.02, 0.00]	[-10.99, 16.44, 28.97, 10.99]	FALSE	FALSE	FALSE
[300.01, -58.89, 33.00, 0.00]	[-11.09, 16.09, 28.32, 11.09]	FALSE	FALSE	FALSE
[300.01, -59.41, 34.98, 0.00]	[-11.18, 15.74, 27.66, 11.18]	FALSE	FALSE	FALSE
[300.01, -59.92, 36.96, 0.00]	[-11.28, 15.40, 27.01, 11.28]	FALSE	FALSE	FALSE
[300.01, -60.43, 38.93, 0.00]	[-11.37, 15.05, 26.36, 11.37]	FALSE	FALSE	FALSE
[300.01, -60.95, 40.91, 0.00]	[-11.47, 14.70, 25.71, 11.47]	FALSE	FALSE	FALSE
[300.01, -61.46, 42.89, 0.00]	[-11.56, 14.35, 25.05, 11.56]	FALSE	FALSE	FALSE
[300.01, -61.98, 44.87, 0.00]	[-11.66, 14.01, 24.40, 11.66]	FALSE	FALSE	FALSE
[300.01, -62.49, 46.85, 0.00]	[-11.75, 13.66, 23.75, 11.75]	FALSE	FALSE	FALSE
[300.01, -63.00, 48.83, 0.00]	[-11.85, 13.31, 23.10, 11.85]	FALSE	FALSE	FALSE
[300.01, -63.52, 50.81, 0.00]	[-11.94, 12.97, 22.44, 11.94]	FALSE	FALSE	FALSE
[300.01, -64.03, 52.79, 0.00]	[-12.04, 12.62, 21.79, 12.04]	FALSE	FALSE	FALSE
[300.01, -64.55, 54.77, 0.00]	[-12.13, 12.27, 21.14, 12.13]	FALSE	FALSE	FALSE
[300.01, -65.06, 56.75, 0.00]	[-12.23, 11.93, 20.48, 12.23]	FALSE	FALSE	FALSE
[300.01, -65.57, 58.72, 0.00]	[-12.32, 11.58, 19.83, 12.32]	FALSE	FALSE	FALSE
[300.01, -66.09, 60.70, 0.00]	[-12.42, 11.23, 19.18, 12.42]	FALSE	FALSE	FALSE
[300.01, -66.60, 62.68, 0.00]	[-12.51, 10.88, 18.53, 12.51]	FALSE	FALSE	FALSE
[300.01, -67.12, 64.66, 0.00]	[-12.61, 10.54, 17.87, 12.61]	FALSE	FALSE	FALSE
[300.01, -67.63, 66.64, 0.00]	[-12.70, 10.19, 17.22, 12.70]	FALSE	FALSE	FALSE
[300.01, -67.63, 66.64, 0.00]	[-12.70, 10.19, 17.22, 12.70]	FALSE	FALSE	FALSE
[300.01, -67.63, 66.64, 0.00]	[-12.70, 10.19, 17.22, 12.70]	FALSE	FALSE	FALSE
[300.01, -67.63, 66.64, 0.00]	[-12.70, 10.19, 17.22, 12.70]	FALSE	FALSE	FALSE
[300.01, -67.63, 66.64, 0.00]	[-12.70, 10.19, 17.22, 12.70]	FALSE	FALSE	FALSE
[300.01, -67.63, 66.64, 0.00]	[-12.70, 10.19, 17.22, 12.70]	FALSE	FALSE	FALSE
[300.01, -67.63, 66.64, 0.00]	[-12.70, 10.19, 17.22, 12.70]	FALSE	FALSE	FALSE
[300.01, -67.63, 66.64, 0.00]	[-12.70, 10.19, 17.22, 12.70]	FALSE	FALSE	FALSE
[300.01, -67.63, 66.64, 0.00]	[-12.70, 10.19, 17.22, 12.70]	FALSE	FALSE	FALSE
[300.01, -67.63, 66.64, 0.00]	[-12.70, 10.19, 17.22, 12.70]	FALSE	FALSE	FALSE
[300.01, -67.63, 66.64, 0.00]	[-12.70, 10.19, 17.22, 12.70]	FALSE	FALSE	FALSE
[300.01, -65.18, 66.61, 0.00]	[-12.24, 10.18, 17.23, 12.24]	FALSE	FALSE	FALSE
[300.02, -62.72, 66.57, 0.00]	[-11.78, 10.17, 17.25, 11.78]	FALSE	FALSE	FALSE
[300.02, -60.27, 66.54, 0.00]	[-11.31, 10.16, 17.26, 11.31]	FALSE	FALSE	FALSE
[300.03, -57.82, 66.50, 0.00]	[-10.85, 10.15, 17.28, 10.85]	FALSE	FALSE	FALSE
[300.03, -55.36, 66.47, 0.00]	[-10.39, 10.14, 17.29, 10.39]	FALSE	FALSE	FALSE
[300.04, -52.91, 66.44, 0.00]	[-9.93, 10.12, 17.31, 9.93]	FALSE	FALSE	FALSE
[300.04, -50.46, 66.40, 0.00]	[-9.47, 10.11, 17.32, 9.47]	FALSE	FALSE	FALSE
[300.04, -48.00, 66.37, 0.00]	[-9.01, 10.10, 17.33, 9.01]	FALSE	FALSE	FALSE
[300.05, -45.55, 66.34, 0.00]	[-8.54, 10.09, 17.35, 8.54]	FALSE	FALSE	FALSE
[300.05, -43.10, 66.30, 0.00]	[-8.08, 10.08, 17.36, 8.08]	FALSE	FALSE	FALSE
[300.06, -40.64, 66.27, 0.00]	[-7.62, 10.07, 17.38, 7.62]	FALSE	FALSE	FALSE
[300.06, -38.19, 66.23, 0.00]	[-7.16, 10.06, 17.39, 7.16]	FALSE	FALSE	FALSE
[300.06, -35.74, 66.20, 0.00]	[-6.70, 10.05, 17.40, 6.70]	FALSE	FALSE	FALSE
[300.07, -33.28, 66.17, 0.00]	[-6.23, 10.04, 17.42, 6.23]	FALSE	FALSE	FALSE
[300.07, -30.83, 66.13, 0.00]	[-5.77, 10.03, 17.43, 5.77]	FALSE	FALSE	FALSE
[300.08, -28.38, 66.10, 0.00]	[-5.31, 10.01, 17.45, 5.31]	FALSE	FALSE	FALSE
[300.08, -25.92, 66.07, 0.00]	[-4.85, 10.00, 17.46, 4.85]	FALSE	FALSE	FALSE
[300.09, -23.47, 66.03, 0.00]	[-4.39, 9.99, 17.48, 4.39]	FALSE	FALSE	FALSE
[300.09, -21.02, 66.00, 0.00]	[-3.93, 9.98, 17.49, 3.93]	FALSE	FALSE	FALSE
[300.09, -18.56, 65.96, 0.00]	[-3.46, 9.97, 17.50, 3.46]	FALSE	FALSE	FALSE
[300.10, -16.11, 65.93, 0.00]	[-3.00, 9.96, 17.52, 3.00]	FALSE	FALSE	FALSE
[300.10, -13.66, 65.90, 0.00]	[-2.54, 9.95, 17.53, 2.54]	FALSE	FALSE	FALSE
[300.11, -11.20, 65.86, 0.00]	[-2.08, 9.94, 17.55, 2.08]	FALSE	FALSE	FALSE
[300.11, -8.75, 65.83, 0.00]	[-1.62, 9.93, 17.56, 1.62]	FALSE	FALSE	FALSE
[300.12, -6.30, 65.80, 0.00]	[-1.16, 9.92, 17.58, 1.16]	FALSE	FALSE	FALSE
[300.12, -3.84, 65.76, 0.00]	[-0.69, 9.90, 17.59, 0.69]	FALSE	FALSE	FALSE
[300.12, -1.39, 65.73, 0.00]	[-0.23, 9.89, 17.60, 0.23]	FALSE	FALSE	FALSE
[300.13, 1.07, 65.69, 0.00]	[0.23, 9.88, 17.62, -0.23]	FALSE	FALSE	FALSE
[300.13, 3.52, 65.66, 0.00]	[0.69, 9.87, 17.63, -0.69]	FALSE	FALSE	FALSE
[300.14, 5.97, 65.63, 0.00]	[1.15, 9.86, 17.65, -1.15]	FALSE	FALSE	FALSE
[300.14, 8.43, 65.59, 0.00]	[1.62, 9.85, 17.66, -1.62]	FALSE	FALSE	FALSE
[300.14, 10.88, 65.56, 0.00]	[2.08, 9.84, 17.67, -2.08]	FALSE	FALSE	FALSE
[300.15, 13.33, 65.52, 0.00]	[2.54, 9.83, 17.69, -2.54]	FALSE	FALSE	FALSE
[300.15, 15.79, 65.49, 0.00]	[3.00, 9.82, 17.70, -3.00]	FALSE	FALSE	FALSE
[300.16, 18.24, 65.46, 0.00]	[3.46, 9.81, 17.72, -3.46]	FALSE	FALSE	FALSE
[300.16, 20.69, 65.42, 0.00]	[3.92, 9.79, 17.73, -3.92]	FALSE	FALSE	FALSE
[300.17, 23.15, 65.39, 0.00]	[4.39, 9.78, 17.75, -4.39]	FALSE	FALSE	FALSE
[300.17, 25.60, 65.36, 0.00]	[4.85, 9.77, 17.76, -4.85]	FALSE	FALSE	FALSE
[300.17, 28.05, 65.32, 0.00]	[5.31, 9.76, 17.77, -5.31]	FALSE	FALSE	FALSE
[300.18, 30.51, 65.29, 0.00]	[5.77, 9.75, 17.79, -5.77]	FALSE	FALSE	FALSE
[300.18, 32.96, 65.25, 0.00]	[6.23, 9.74, 17.80, -6.23]	FALSE	FALSE	FALSE
[300.19, 35.41, 65.22, 0.00]	[6.70, 9.73, 17.82, -6.70]	FALSE	FALSE	FALSE
[300.19, 37.87, 65.19, 0.00]	[7.16, 9.72, 17.83, -7.16]	FALSE	FALSE	FALSE
[300.19, 40.32, 65.15, 0.00]	[7.62, 9.71, 17.84, -7.62]	FALSE	FALSE	FALSE
[300.20, 42.77, 65.12, 0.00]	[8.08, 9.70, 17.86, -8.08]	FALSE	FALSE	FALSE
[300.20, 45.23, 65.09, 0.00]	[8.54, 9.68, 17.87, -8.54]	FALSE	FALSE	FALSE
[300.21, 47.68, 65.05, 0.00]	[9.00, 9.67, 17.89, -9.00]	FALSE	FALSE	FALSE
[300.21, 50.13, 65.02, 0.00]	[9.47, 9.66, 17.90, -9.47]	FALSE	FALSE	FALSE
[300.22, 52.59, 64.98, 0.00]	[9.93, 9.65, 17.92, -9.93]	FALSE	FALSE	FALSE
[300.22, 55.04, 64.95, 0.00]	[10.39, 9.64, 17.93, -10.39]	FALSE	FALSE	FALSE
[300.22, 55.04, 63.00, -49.00]	[10.39, 10.01, 18.56, -10.39]	FALSE	FALSE	FALSE
[300.23, 55.04, 61.05, -48.00]	[10.39, 10.38, 19.20, -10.39]	FALSE	FALSE	FALSE
[300.23, 55.04, 59.10, -47.00]	[10.39, 10.75, 19.83, -10.39]	FALSE	FALSE	FALSE
[300.23, 55.04, 57.15, -46.00]	[10.39, 11.12, 20.46, -10.39]	FALSE	FALSE	FALSE
[300.23, 55.04, 55.19, -45.00]	[10.39, 11.49, 21.09, -10.39]	FALSE	FALSE	FALSE
[300.24, 55.04, 53.24, -44.00]	[10.39, 11.86, 21.73, -10.39]	FALSE	FALSE	FALSE
[300.24, 55.04, 51.29, -43.00]	[10.39, 12.24, 22.36, -10.39]	FALSE	FALSE	FALSE
[300.24, 55.04, 49.34, -42.00]	[10.39, 12.61, 22.99, -10.39]	FALSE	FALSE	FALSE
[300.25, 55.05, 47.39, -41.00]	[10.39, 12.98, 23.62, -10.39]	FALSE	FALSE	FALSE
[300.25, 55.05, 45.44, -40.00]	[10.39, 13.35, 24.26, -10.39]	FALSE	FALSE	FALSE
[300.25, 55.05, 43.49, -39.00]	[10.39, 13.72, 24.89, -10.39]	FALSE	FALSE	FALSE
[300.25, 55.05, 41.54, -38.00]	[10.39, 14.09, 25.52, -10.39]	FALSE	FALSE	FALSE
[300.26, 55.05, 39.58, -37.00]	[10.39, 14.46, 26.15, -10.39]	FALSE	FALSE	FALSE
[300.26, 55.05, 37.63, -36.00]	[10.39, 14.83, 26.79, -10.39]	FALSE	FALSE	FALSE
[300.26, 55.05, 35.68, -35.00]	[10.39, 15.20, 27.42, -10.39]	FALSE	FALSE	FALSE
[300.26, 55.05, 33.73, -34.00]	[10.39, 15.57, 28.05, -10.39]	FALSE	FALSE	FALSE
[300.27, 55.05, 31.78, -33.00]	[10.39, 15.94, 28.68, -10.39]	FALSE	FALSE	FALSE
[300.27, 55.05, 29.83, -32.00]	[10.39, 16.31, 29.32, -10.39]	FALSE	FALSE	FALSE
[300.27, 55.05, 27.88, -31.00]	[10.39, 16.69, 29.95, -10.39]	FALSE	FALSE	FALSE
[300.28, 55.05, 25.93, -30.00]	[10.39, 17.06, 30.58, -10.39]	FALSE	FALSE	FALSE
[300.28, 55.05, 23.97, -29.00]	[10.39, 17.43, 31.21, -10.39]	FALSE	FALSE	FALSE
[300.28, 55.05, 22.02, -28.00]	[10.39, 17.80, 31.85, -10.39]	FALSE	FALSE	FALSE
[300.28, 55.05, 20.07, -27.00]	[10.39, 18.17, 32.48, -10.39]	FALSE	FALSE	FALSE
[300.29, 55.05, 18.12, -26.00]	[10.39, 18.54, 33.11, -10.39]	FALSE	FALSE	FALSE
[300.29, 55.06, 16.17, -25.00]	[10.39, 18.91, 33.75, -10.39]	FALSE	FALSE	FALSE
[300.29, 55.06, 14.22, -24.00]	[10.39, 19.28, 34.38, -10.39]	FALSE	FALSE	FALSE
[300.30, 55.06, 12.27, -23.00]	[10.39, 19.65, 35.01, -10.39]	FALSE	FALSE	FALSE
[300.30, 55.06, 10.32, -22.00]	[10.39, 20.02, 35.64, -10.39]	FALSE	FALSE	FALSE
[300.30, 55.06, 8.37, -21.00]	[10.39, 20.39, 36.28, -10.39]	FALSE	FALSE	FALSE
[300.30, 55.06, 6.41, -20.00]	[10.39, 20.76, 36.91, -10.39]	FALSE	FALSE	FALSE
[300.31, 55.06, 4.46, -19.00]	[10.39, 21.13, 37.54, -10.39]	FALSE	FALSE	FALSE
[300.31, 55.06, 2.51, -18.00]	[10.39, 21.51, 38.17, -10.39]	FALSE	FALSE	FALSE
[300.31, 55.06, 0.56, -17.00]	[10.39, 21.88, 38.81, -10.39]	FALSE	FALSE	FALSE
[300.32, 55.06, -1.39, -16.00]	[10.39, 22.25, 39.44, -10.39]	FALSE	FALSE	FALSE
[300.32, 55.06, -3.34, -15.00]	[10.39, 22.62, 40.07, -10.39]	FALSE	FALSE	FALSE
[300.32, 55.06, -5.29, -14.00]	[10.39, 22.99, 40.70, -10.39]	FALSE	FALSE	FALSE
[300.32, 55.06, -7.24, -13.00]	[10.39, 23.36, 41.34, -10.39]	FALSE	FALSE	FALSE
[300.33, 55.06, -9.20, -12.00]	[10.39, 23.73, 41.97, -10.39]	FALSE	FALSE	FALSE
[300.33, 55.06, -11.15, -11.00]	[10.39, 24.10, 42.60, -10.39]	FALSE	FALSE	FALSE
[300.33, 55.06, -13.10, -10.00]	[10.39, 24.47, 43.23, -10.39]	FALSE	FALSE	FALSE
[300.33, 55.06, -15.05, -9.00]	[10.39, 24.84, 43.87, -10.39]	FALSE	FALSE	FALSE
[300.34, 55.07, -17.00, -8.00]	[10.39, 25.21, 44.50, -10.39]	FALSE	FALSE	FALSE
[300.34, 55.07, -18.95, -7.00]	[10.39, 25.58, 45.13, -10.39]	FALSE	FALSE	FALSE
[300.34, 55.07, -20.90, -6.00]	[10.39, 25.96, 45.76, -10.39]	FALSE	FALSE	FALSE
[300.35, 55.07, -22.85, -5.00]	[10.39, 26.33, 46.40, -10.39]	FALSE	FALSE	FALSE
[300.35, 55.07, -24.81, -4.00]	[10.39, 26.70, 47.03, -10.39]	FALSE	FALSE	FALSE
[300.35, 55.07, -26.76, -3.00]	[10.39, 27.07, 47.66, -10.39]	FALSE	FALSE	FALSE
[300.35, 55.07, -28.71, -2.00]	[10.39, 27.44, 48.29, -10.39]	FALSE	FALSE	FALSE
[300.36, 55.07, -30.66, -1.00]	[10.39, 27.81, 48.93, -10.39]	FALSE	FALSE	FALSE
[300.36, 55.07, -32.61, 0.00]	[10.39, 28.18, 49.56, -10.39]	FALSE	FALSE	FALSE
[300.36, 55.07, -32.61, 0.00]	[10.39, 28.18, 49.56, -10.39]	FALSE	FALSE	FALSE
[300.36, 55.07, -32.61, 0.00]	[10.39, 28.18, 49.56, -10.39]	FALSE	FALSE	FALSE
[300.36, 55.07, -32.61, 0.00]	[10.39, 28.18, 49.56, -10.39]	FALSE	FALSE	FALSE
[300.36, 55.07, -32.61, 0.00]	[10.39, 28.18, 49.56, -10.39]	FALSE	FALSE	FALSE
[300.36, 55.07, -32.61, 0.00]	[10.39, 28.18, 49.56, -10.39]	FALSE	FALSE	FALSE
[300.36, 55.07, -32.61, 0.00]	[10.39, 28.18, 49.56, -10.39]	FALSE	TRUE	FALSE
[300.36, 55.07, -32.61, 0.00]	[10.39, 28.18, 49.56, -10.39]	FALSE	TRUE	FALSE
[300.36, 55.07, -32.61, 0.00]	[10.39, 28.18, 49.56, -10.39]	FALSE	TRUE	FALSE
[300.36, 55.07, -32.61, 0.00]	[10.39, 28.18, 49.56, -10.39]	FALSE	TRUE	FALSE
[300.36, 55.07, -32.61, 0.00]	[10.39, 28.18, 49.56, -10.39]	FALSE	TRUE	FALSE
[300.36, 55.07, -30.66, -49.00]	[10.39, 27.81, 48.93, -10.39]	FALSE	TRUE	FALSE
[300.35, 55.07, -28.71, -48.00]	[10.39, 27.44, 48.29, -10.39]	FALSE	TRUE	FALSE
[300.35, 55.07, -26.76, -47.00]	[10.39, 27.07, 47.66, -10.39]	FALSE	TRUE	FALSE
[300.35, 55.07, -24.81, -46.00]	[10.39, 26.70, 47.03, -10.39]	FALSE	TRUE	FALSE
[300.35, 55.07, -22.85, -45.00]	[10.39, 26.33, 46.40, -10.39]	FALSE	TRUE	FALSE
[300.34, 55.07, -20.90, -44.00]	[10.39, 25.96, 45.76, -10.39]	FALSE	TRUE	FALSE
[300.34, 55.07, -18.95, -43.00]	[10.39, 25.58, 45.13, -10.39]	FALSE	TRUE	FALSE
[300.34, 55.07, -17.00, -42.00]	[10.39, 25.21, 44.50, -10.39]	FALSE	TRUE	FALSE
[300.33, 55.06, -15.05, -41.00]	[10.39, 24.84, 43.87, -10.39]	FALSE	TRUE	FALSE
[300.33, 55.06, -13.10, -40.00]	[10.39, 24.47, 43.23, -10.39]	FALSE	TRUE	FALSE
[300.33, 55.06, -11.15, -39.00]	[10.39, 24.10, 42.60, -10.39]	FALSE	TRUE	FALSE
[300.33, 55.06, -9.20, -38.00]	[10.39, 23.73, 41.97, -10.39]	FALSE	TRUE	FALSE
[300.32, 55.06, -7.24, -37.00]	[10.39, 23.36, 41.34, -10.39]	FALSE	TRUE	FALSE
[300.32, 55.06, -5.29, -36.00]	[10.39, 22.99, 40.70, -10.39]	FALSE	TRUE	FALSE
[300.32, 55.06, -3.34, -35.00]	[10.39, 22.62, 40.07, -10.39]	FALSE	TRUE	FALSE
[300.32, 55.06, -1.39, -34.00]	[10.39, 22.25, 39.44, -10.39]	FALSE	TRUE	FALSE
[300.31, 55.06, 0.56, -33.00]	[10.39, 21.88, 38.81, -10.39]	FALSE	TRUE	FALSE
[300.31, 55.06, 2.51, -32.00]	[10.39, 21.51, 38.17, -10.39]	FALSE	TRUE	FALSE
[300.31, 55.06, 4.46, -31.00]	[10.39, 21.13, 37.54, -10.39]	FALSE	TRUE	FALSE
[300.30, 55.06, 6.41, -30.00]	[10.39, 20.76, 36.91, -10.39]	FALSE	TRUE	FALSE
[300.30, 55.06, 8.37, -29.00]	[10.39, 20.39, 36.28, -10.39]	FALSE	TRUE	FALSE
[300.30, 55.06, 10.32, -28.00]	[10.39, 20.02, 35.64, -10.39]	FALSE	TRUE	FALSE
[300.30, 55.06, 12.27, -27.00]	[10.39, 19.65, 35.01, -10.39]	FALSE	TRUE	FALSE
[300.29, 55.06, 14.22, -26.00]	[10.39, 19.28, 34.38, -10.39]	FALSE	TRUE	FALSE
[300.29, 55.06, 16.17, -25.00]	[10.39, 18.91, 33.75, -10.39]	FALSE	TRUE	FALSE
[300.29, 55.05, 18.12, -24.00]	[10.39, 18.54, 33.11, -10.39]	FALSE	TRUE	FALSE
[300.28, 55.05, 20.07, -23.00]	[10.39, 18.17, 32.48, -10.39]	FALSE	TRUE	FALSE
[300.28, 55.05, 22.02, -22.00]	[10.39, 17.80, 31.85, -10.39]	FALSE	TRUE	FALSE
[300.28, 55.05, 23.97, -21.00]	[10.39, 17.43, 31.21, -10.39]	FALSE	TRUE	FALSE
[300.28, 55.05, 25.93, -20.00]	[10.39, 17.06, 30.58, -10.39]	FALSE	TRUE	FALSE
[300.27, 55.05, 27.88, -19.00]	[10.39, 16.69, 29.95, -10.39]	FALSE	TRUE	FALSE
[300.27, 55.05, 29.83, -18.00]	[10.39, 16.31, 29.32, -10.39]	FALSE	TRUE	FALSE
[300.27, 55.05, 31.78, -17.00]	[10.39, 15.94, 28.68, -10.39]	FALSE	TRUE	FALSE
[300.26, 55.05, 33.73, -16.00]	[10.39, 15.57, 28.05, -10.39]	FALSE	TRUE	FALSE
[300.26, 55.05, 35.68, -15.00]	[10.39, 15.20, 27.42, -10.39]	FALSE	TRUE	FALSE
[300.26, 55.05, 37.63, -14.00]	[10.39, 14.83, 26.79, -10.39]	FALSE	TRUE	FALSE
[300.26, 55.05, 39.58, -13.00]	[10.39, 14.46, 26.15, -10.39]	FALSE	TRUE	FALSE
[300.25, 55.05, 41.54, -12.00]	[10.39, 14.09, 25.52, -10.39]	FALSE	TRUE	FALSE
[300.25, 55.05, 43.49, -11.00]	[10.39, 13.72, 24.89, -10.39]	FALSE	TRUE	FALSE
[300.25, 55.05, 45.44, -10.00]	[10.39, 13.35, 24.26, -10.39]	FALSE	TRUE	FALSE
[300.25, 55.05, 47.39, -9.00]	[10.39, 12.98, 23.62, -10.39]	FALSE	TRUE	FALSE
[300.24, 55.04, 49.34, -8.00]	[10.39, 12.61, 22.99, -10.39]	FALSE	TRUE	FALSE
[300.24, 55.04, 51.29, -7.00]	[10.39, 12.24, 22.36, -10.39]	FALSE	TRUE	FALSE
[300.24, 55.04, 53.24, -6.00]	[10.39, 11.86, 21.73, -10.39]	FALSE	TRUE	FALSE
[300.23, 55.04, 55.19, -5.00]	[10.39, 11.49, 21.09, -10.39]	FALSE	TRUE	FALSE
[300.23, 55.04, 57.15, -4.00]	[10.39, 11.12, 20.46, -10.39]	FALSE	TRUE	FALSE
[300.23, 55.04, 59.10, -3.00]	[10.39, 10.75, 19.83, -10.39]	FALSE	TRUE	FALSE
[300.23, 55.04, 61.05, -2.00]	[10.39, 10.38, 19.20, -10.39]	FALSE	TRUE	FALSE
[300.22, 55.04, 63.00, -1.00]	[10.39, 10.01, 18.56, -10.39]	FALSE	TRUE	FALSE
[300.22, 55.04, 64.95, 0.00]	[10.39, 9.64, 17.93, -10.39]	FALSE	TRUE	FALSE
[300.22, 55.04, 64.95, 0.00]	[10.39, 9.64, 17.93, -10.39]	FALSE	TRUE	FALSE
[300.22, 55.04, 64.95, 0.00]	[10.39, 9.64, 17.93, -10.39]	FALSE	TRUE	FALSE
[300.22, 55.04, 64.95, 0.00]	[10.39, 9.64, 17.93, -10.39]	FALSE	TRUE	FALSE
[300.22, 55.04, 64.95, 0.00]	[10.39, 9.64, 17.93, -10.39]	FALSE	TRUE	FALSE
[300.22, 55.04, 64.95, 0.00]	[10.39, 9.64, 17.93, -10.39]	FALSE	TRUE	FALSE
[300.22, 55.04, 64.95, 0.00]	[10.39, 9.64, 17.93, -10.39]	FALSE	TRUE	FALSE
[300.22, 55.04, 64.95, 0.00]	[10.39, 9.64, 17.93, -10.39]	FALSE	TRUE	FALSE
[300.22, 55.04, 64.95, 0.00]	[10.39, 9.64, 17.93, -10.39]	FALSE	TRUE	FALSE
[300.22, 55.04, 64.95, 0.00]	[10.39, 9.64, 17.93, -10.39]	FALSE	TRUE	FALSE
[300.22, 55.04, 64.95, 0.00]	[10.39, 9.64, 17.93, -10.39]	FALSE	TRUE	FALSE
[300.23, 53.66, 64.21, -49.00]	[10.13, 9.71, 18.18, -10.13]	FALSE	TRUE	FALSE
[300.23, 52.28, 63.48, -48.00]	[9.87, 9.79, 18.43, -9.87]	FALSE	TRUE	FALSE
[300.24, 50.90, 62.74, -47.00]	[9.61, 9.86, 18.68, -9.61]	FALSE	TRUE	FALSE
[300.25, 49.52, 62.00, -46.00]	[9.34, 9.94, 18.92, -9.34]	FALSE	TRUE	FALSE
[300.25, 48.14, 61.27, -45.00]	[9.08, 10.01, 19.17, -9.08]	FALSE	TRUE	FALSE
[300.26, 46.76, 60.53, -44.00]	[8.82, 10.09, 19.42, -8.82]	FALSE	TRUE	FALSE
[300.27, 45.38, 59.79, -43.00]	[8.56, 10.16, 19.67, -8.56]	FALSE	TRUE	FALSE
[300.27, 44.00, 59.05, -42.00]	[8.30, 10.24, 19.92, -8.30]	FALSE	TRUE	FALSE
[300.28, 42.62, 58.32, -41.00]	[8.04, 10.31, 20.17, -8.04]	FALSE	TRUE	FALSE
[300.29, 41.24, 57.58, -40.00]	[7.78, 10.39, 20.41, -7.78]	FALSE	TRUE	FALSE
[300.29, 39.86, 56.84, -39.00]	[7.51, 10.46, 20.66, -7.51]	FALSE	TRUE	FALSE
[300.30, 38.48, 56.11, -38.00]	[7.25, 10.54, 20.91, -7.25]	FALSE	TRUE	FALSE
[300.31, 37.11, 55.37, -37.00]	[6.99, 10.61, 21.16, -6.99]	FALSE	TRUE	FALSE
[300.32, 35.73, 54.63, -36.00]	[6.73, 10.68, 21.41, -6.73]	FALSE	TRUE	FALSE
[300.32, 34.35, 53.90, -35.00]	[6.47, 10.76, 21.66, -6.47]	FALSE	TRUE	FALSE
[300.33, 32.97, 53.16, -34.00]	[6.21, 10.83, 21.90, -6.21]	FALSE	TRUE	FALSE
[300.34, 31.59, 52.42, -33.00]	[5.95, 10.91, 22.15, -5.95]	FALSE	TRUE	FALSE
[300.34, 30.21, 51.68, -32.00]	[5.68, 10.98, 22.40, -5.68]	FALSE	TRUE	FALSE
[300.35, 28.83, 50.95, -31.00]	[5.42, 11.06, 22.65, -5.42]	FALSE	TRUE	FALSE
[300.36, 27.45, 50.21, -30.00]	[5.16, 11.13, 22.90, -5.16]	FALSE	TRUE	FALSE
[300.36, 26.07, 49.47, -29.00]	[4.90, 11.21, 23.15, -4.90]	FALSE	TRUE	FALSE
[300.37, 24.69, 48.74, -28.00]	[4.64, 11.28, 23.39, -4.64]	FALSE	TRUE	FALSE
[300.38, 23.31, 48.00, -27.00]	[4.38, 11.36, 23.64, -4.38]	FALSE	TRUE	FALSE
[300.38, 21.93, 47.26, -26.00]	[4.12, 11.43, 23.89, -4.12]	FALSE	TRUE	FALSE
[300.39, 20.55, 46.53, -25.00]	[3.86, 11.51, 24.14, -3.86]	FALSE	TRUE	FALSE
[300.40, 19.17, 45.79, -24.00]	[3.59, 11.58, 24.39, -3.59]	FALSE	TRUE	FALSE
[300.40, 17.79, 45.05, -23.00]	[3.33, 11.65, 24.64, -3.33]	FALSE	TRUE	FALSE
[300.41, 16.41, 44.31, -22.00]	[3.07, 11.73, 24.89, -3.07]	FALSE	TRUE	FALSE
[300.42, 15.03, 43.58, -21.00]	[2.81, 11.80, 25.13, -2.81]	FALSE	TRUE	FALSE
[300.42, 13.65, 42.84, -20.00]	[2.55, 11.88, 25.38, -2.55]	FALSE	TRUE	FALSE
[300.43, 12.27, 42.10, -19.00]	[2.29, 11.95, 25.63, -2.29]	FALSE	TRUE	FALSE
[300.44, 10.89, 41.37, -18.00]	[2.03, 12.03, 25.88, -2.03]	FALSE	TRUE	FALSE
[300.44, 9.51, 40.63, -17.00]	[1.76, 12.10, 26.13, -1.76]	FALSE	TRUE	FALSE
[300.45, 8.13, 39.89, -16.00]	[1.50, 12.18, 26.38, -1.50]	FALSE	TRUE	FALSE
[300.46, 6.75, 39.16, -15.00]	[1.24, 12.25, 26.62, -1.24]	FALSE	TRUE	FALSE
[300.46, 5.37, 38.42, -14.00]	[0.98, 12.33, 26.87, -0.98]	FALSE	TRUE	FALSE
[300.47, 3.99, 37.68, -13.00]	[0.72, 12.40, 27.12, -0.72]	FALSE	TRUE	FALSE
[300.48, 2.62, 36.94, -12.00]	[0.46, 12.47, 27.37, -0.46]	FALSE	TRUE	FALSE
[300.49, 1.24, 36.21, -11.00]	[0.20, 12.55, 27.62, -0.20]	FALSE	TRUE	FALSE
[300.49, -0.14, 35.47, -10.00]	[-0.07, 12.62, 27.87, 0.07]	FALSE	TRUE	FALSE
[300.50, -1.52, 34.73, -9.00]	[-0.33, 12.70, 28.11, 0.33]	FALSE	TRUE	FALSE
[300.51, -2.90, 34.00, -8.00]	[-0.59, 12.77, 28.36, 0.59]	FALSE	TRUE	FALSE
[300.51, -4.28, 33.26, -7.00]	[-0.85, 12.85, 28.61, 0.85]	FALSE	TRUE	FALSE
[300.52, -5.66, 32.52, -6.00]	[-1.11, 12.92, 28.86, 1.11]	FALSE	TRUE	FALSE
[300.53, -7.04, 31.79, -5.00]	[-1.37, 13.00, 29.11, 1.37]	FALSE	TRUE	FALSE
[300.53, -8.42, 31.05, -4.00]	[-1.63, 13.07, 29.36, 1.63]	FALSE	TRUE	FALSE
[300.54, -9.80, 30.31, -3.00]	[-1.90, 13.15, 29.60, 1.90]	FALSE	TRUE	FALSE
[300.55, -11.18, 29.57, -2.00]	[-2.16, 13.22, 29.85, 2.16]	FALSE	TRUE	FALSE
[300.55, -12.56, 28.84, -1.00]	[-2.42, 13.30, 30.10, 2.42]	FALSE	TRUE	FALSE
[300.56, -13.94, 28.10, 0.00]	[-2.68, 13.37, 30.35, 2.68]	FALSE	TRUE	FALSE
[300.56, -13.94, 28.10, 0.00]	[-2.68, 13.37, 30.35, 2.68]	FALSE	TRUE	FALSE
[300.56, -13.94, 28.10, 0.00]	[-2.68, 13.37, 30.35, 2.68]	FALSE	TRUE	FALSE
[300.56, -13.94, 28.10, 0.00]	[-2.68, 13.37, 30.35, 2.68]	FALSE	TRUE	FALSE
[300.56, -13.94, 28.10, 0.00]	[-2.68, 13.37, 30.35, 2.68]	FALSE	TRUE	FALSE
[300.56, -13.94, 28.10, 0.00]	[-2.68, 13.37, 30.35, 2.68]	FALSE	TRUE	FALSE
[300.56, -13.94, 28.10, 0.00]	[-2.68, 13.37, 30.35, 2.68]	FALSE	TRUE	FALSE
[300.56, -13.94, 28.10, 0.00]	[-2.68, 13.37, 30.35, 2.68]	FALSE	TRUE	FALSE
[300.56, -13.94, 28.10, 0.00]	[-2.68, 13.37, 30.35, 2.68]	FALSE	TRUE	FALSE
[300.56, -13.94, 28.10, 0.00]	[-2.68, 13.37, 30.35, 2.68]	FALSE	TRUE	FALSE
[300.56, -13.94, 28.10, 0.00]	[-2.68, 13.37, 30.35, 2.68]	FALSE	TRUE	FALSE
[300.55, -14.00, 26.87, 0.00]	[-2.69, 13.65, 30.75, 2.69]	FALSE	TRUE	FALSE
[300.54, -14.07, 25.64, 0.00]	[-2.70, 13.93, 31.16, 2.70]	FALSE	TRUE	FALSE
[300.53, -14.13, 24.41, 0.00]	[-2.72, 14.20, 31.56, 2.72]	FALSE	TRUE	FALSE
[300.52, -14.20, 23.18, 0.00]	[-2.73, 14.48, 31.97, 2.73]	FALSE	TRUE	FALSE
[300.50, -14.26, 21.96, 0.00]	[-2.74, 14.76, 32.37, 2.74]	FALSE	TRUE	FALSE
[300.49, -14.32, 20.73, 0.00]	[-2.75, 15.04, 32.78, 2.75]	FALSE	TRUE	FALSE
[300.48, -14.39, 19.50, 0.00]	[-2.76, 15.31, 33.18, 2.76]	FALSE	TRUE	FALSE
[300.47, -14.45, 18.27, 0.00]	[-2.77, 15.59, 33.59, 2.77]	FALSE	TRUE	FALSE
[300.46, -14.52, 17.04, 0.00]	[-2.79, 15.87, 33.99, 2.79]	FALSE	TRUE	FALSE
[300.45, -14.58, 15.81, 0.00]	[-2.80, 16.15, 34.39, 2.80]	FALSE	TRUE	FALSE
[300.44, -14.64, 14.58, 0.00]	[-2.81, 16.43, 34.80, 2.81]	FALSE	TRUE	FALSE
[300.43, -14.71, 13.35, 0.00]	[-2.82, 16.70, 35.20, 2.82]	FALSE	TRUE	FALSE
[300.41, -14.77, 12.13, 0.00]	[-2.83, 16.98, 35.61, 2.83]	FALSE	TRUE	FALSE
[300.40, -14.84, 10.90, 0.00]	[-2.85, 17.26, 36.01, 2.85]	FALSE	TRUE	FALSE
[300.39, -14.90, 9.67, 0.00]	[-2.86, 17.54, 36.42, 2.86]	FALSE	TRUE	FALSE
[300.38, -14.96, 8.44, 0.00]	[-2.87, 17.81, 36.82, 2.87]	FALSE	TRUE	FALSE
[300.37, -15.03, 7.21, 0.00]	[-2.88, 18.09, 37.22, 2.88]	FALSE	TRUE	FALSE
[300.36, -15.09, 5.98, 0.00]	[-2.89, 18.37, 37.63, 2.89]	FALSE	TRUE	FALSE
[300.35, -15.16, 4.75, 0.00]	[-2.90, 18.65, 38.03, 2.90]	FALSE	TRUE	FALSE
[300.34, -15.22, 3.52, 0.00]	[-2.92, 18.93, 38.44, 2.92]	FALSE	TRUE	FALSE
[300.32, -15.28, 2.30, 0.00]	[-2.93, 19.20, 38.84, 2.93]	FALSE	TRUE	FALSE
[300.31, -15.35, 1.07, 0.00]	[-2.94, 19.48, 39.25, 2.94]	FALSE	TRUE	FALSE
[300.30, -15.41, -0.16, 0.00]	[-2.95, 19.76, 39.65, 2.95]	FALSE	TRUE	FALSE
[300.29, -15.48, -1.39, 0.00]	[-2.96, 20.04, 40.06, 2.96]	FALSE	TRUE	FALSE
[300.28, -15.54, -2.62, 0.00]	[-2.98, 20.32, 40.46, 2.98]	FALSE	TRUE	FALSE
[300.27, -15.60, -3.85, 0.00]	[-2.99, 20.59, 40.86, 2.99]	FALSE	TRUE	FALSE
[300.26, -15.67, -5.08, 0.00]	[-3.00, 20.87, 41.27, 3.00]	FALSE	TRUE	FALSE
[300.25, -15.73, -6.31, 0.00]	[-3.01, 21.15, 41.67, 3.01]	FALSE	TRUE	FALSE
[300.24, -15.80, -7.54, 0.00]	[-3.02, 21.43, 42.08, 3.02]	FALSE	TRUE	FALSE
[300.22, -15.86, -8.76, 0.00]	[-3.03, 21.70, 42.48, 3.03]	FALSE	TRUE	FALSE
[300.21, -15.92, -9.99, 0.00]	[-3.05, 21.98, 42.89, 3.05]	FALSE	TRUE	FALSE
[300.20, -15.99, -11.22, 0.00]	[-3.06, 22.26, 43.29, 3.06]	FALSE	TRUE	FALSE
[300.19, -16.05, -12.45, 0.00]	[-3.07, 22.54, 43.70, 3.07]	FALSE	TRUE	FALSE
[300.18, -16.12, -13.68, 0.00]	[-3.08, 22.82, 44.10, 3.08]	FALSE	TRUE	FALSE
[300.17, -16.18, -14.91, 0.00]	[-3.09, 23.09, 44.50, 3.09]	FALSE	TRUE	FALSE
[300.16, -16.24, -16.14, 0.00]	[-3.10, 23.37, 44.91, 3.10]	FALSE	TRUE	FALSE
[300.15, -16.31, -17.37, 0.00]	[-3.12, 23.65, 45.31, 3.12]	FALSE	TRUE	FALSE
[300.13, -16.37, -18.59, 0.00]	[-3.13, 23.93, 45.72, 3.13]	FALSE	TRUE	FALSE
[300.12, -16.44, -19.82, 0.00]	[-3.14, 24.20, 46.12, 3.14]	FALSE	TRUE	FALSE
[300.11, -16.50, -21.05, 0.00]	[-3.15, 24.48, 46.53, 3.15]	FALSE	TRUE	FALSE
[300.10, -16.56, -22.28, 0.00]	[-3.16, 24.76, 46.93, 3.16]	FALSE	TRUE	FALSE
[300.09, -16.63, -23.51, 0.00]	[-3.18, 25.04, 47.33, 3.18]	FALSE	TRUE	FALSE
[300.08, -16.69, -24.74, 0.00]	[-3.19, 25.32, 47.74, 3.19]	FALSE	TRUE	FALSE
[300.07, -16.76, -25.97, 0.00]	[-3.20, 25.59, 48.14, 3.20]	FALSE	TRUE	FALSE
[300.06, -16.82, -27.20, 0.00]	[-3.21, 25.87, 48.55, 3.21]	FALSE	TRUE	FALSE
[300.04, -16.88, -28.42, 0.00]	[-3.22, 26.15, 48.95, 3.22]	FALSE	TRUE	FALSE
[300.03, -16.95, -29.65, 0.00]	[-3.23, 26.43, 49.36, 3.23]	FALSE	TRUE	FALSE
[300.02, -17.01, -30.88, 0.00]	[-3.25, 26.70, 49.76, 3.25]	FALSE	TRUE	FALSE
[300.01, -17.08, -32.11, 0.00]	[-3.26, 26.98, 50.17, 3.26]	FALSE	TRUE	FALSE
[300.00, -17.14, -33.34, 0.00]	[-3.27, 27.26, 50.57, 3.27]	FALSE	TRUE	FALSE
[300.00, -17.14, -33.34, 0.00]	[-3.27, 27.26, 50.57, 3.27]	FALSE	TRUE	FALSE
[300.00, -17.14, -33.34, 0.00]	[-3.27, 27.26, 50.57, 3.27]	FALSE	TRUE	FALSE
[300.00, -17.14, -33.34, 0.00]	[-3.27, 27.26, 50.57, 3.27]	FALSE	TRUE	FALSE
[300.00, -17.14, -33.34, 0.00]	[-3.27, 27.26, 50.57, 3.27]	FALSE	TRUE	FALSE
[300.00, -17.14, -33.34, 0.00]	[-3.27, 27.26, 50.57, 3.27]	FALSE	TRUE	FALSE
[300.00, -17.14, -33.34, 0.00]	[-3.27, 27.26, 50.57, 3.27]	FALSE	FALSE	FALSE
[300.00, -17.14, -33.34, 0.00]	[-3.27, 27.26, 50.57, 3.27]	FALSE	FALSE	FALSE
[300.00, -17.14, -33.34, 0.00]	[-3.27, 27.26, 50.57, 3.27]	FALSE	FALSE	FALSE
[300.00, -17.14, -33.34, 0.00]	[-3.27, 27.26, 50.57, 3.27]	FALSE	FALSE	FALSE
[300.00, -17.14, -33.34, 0.00]	[-3.27, 27.26, 50.57, 3.27]	FALSE	FALSE	FALSE
[300.00, -18.15, -31.34, -49.00]	[-3.46, 26.92, 49.90, 3.46]	FALSE	FALSE	FALSE
[300.00, -19.16, -29.34, -48.00]	[-3.65, 26.58, 49.24, 3.65]	FALSE	FALSE	FALSE
[300.00, -20.17, -27.34, -47.00]	[-3.84, 26.24, 48.57, 3.84]	FALSE	FALSE	FALSE
[300.00, -21.18, -25.34, -46.00]	[-4.02, 25.89, 47.90, 4.02]	FALSE	FALSE	FALSE
[300.00, -22.19, -23.34, -45.00]	[-4.21, 25.55, 47.24, 4.21]	FALSE	FALSE	FALSE
[300.00, -23.20, -21.34, -44.00]	[-4.40, 25.21, 46.57, 4.40]	FALSE	FALSE	FALSE
[300.00, -24.21, -19.34, -43.00]	[-4.59, 24.87, 45.90, 4.59]	FALSE	FALSE	FALSE
[300.00, -25.22, -17.34, -42.00]	[-4.78, 24.53, 45.23, 4.78]	FALSE	FALSE	FALSE
[300.00, -26.23, -15.34, -41.00]	[-4.97, 24.19, 44.57, 4.97]	FALSE	FALSE	FALSE
[300.00, -27.24, -13.34, -40.00]	[-5.16, 23.85, 43.90, 5.16]	FALSE	FALSE	FALSE
[300.00, -28.25, -11.34, -39.00]	[-5.34, 23.50, 43.23, 5.34]	FALSE	FALSE	FALSE
[300.00, -29.26, -9.34, -38.00]	[-5.53, 23.16, 42.57, 5.53]	FALSE	FALSE	FALSE
[300.00, -30.27, -7.35, -37.00]	[-5.72, 22.82, 41.90, 5.72]	FALSE	FALSE	FALSE
[300.00, -31.28, -5.35, -36.00]	[-5.91, 22.48, 41.23, 5.91]	FALSE	FALSE	FALSE
[300.00, -32.29, -3.35, -35.00]	[-6.10, 22.14, 40.57, 6.10]	FALSE	FALSE	FALSE
[300.00, -33.30, -1.35, -34.00]	[-6.29, 21.80, 39.90, 6.29]	FALSE	FALSE	FALSE
[300.00, -34.31, 0.65, -33.00]	[-6.48, 21.46, 39.23, 6.48]	FALSE	FALSE	FALSE
[300.00, -35.32, 2.65, -32.00]	[-6.66, 21.11, 38.56, 6.66]	FALSE	FALSE	FALSE
[300.00, -36.33, 4.65, -31.00]	[-6.85, 20.77, 37.90, 6.85]	FALSE	FALSE	FALSE
[300.00, -37.34, 6.65, -30.00]	[-7.04, 20.43, 37.23, 7.04]	FALSE	FALSE	FALSE
[300.00, -38.35, 8.65, -29.00]	[-7.23, 20.09, 36.56, 7.23]	FALSE	FALSE	FALSE
[300.00, -39.36, 10.65, -28.00]	[-7.42, 19.75, 35.90, 7.42]	FALSE	FALSE	FALSE
[300.00, -40.37, 12.65, -27.00]	[-7.61, 19.41, 35.23, 7.61]	FALSE	FALSE	FALSE
[300.00, -41.38, 14.65, -26.00]	[-7.80, 19.07, 34.56, 7.80]	FALSE	FALSE	FALSE
[300.01, -42.39, 16.65, -25.00]	[-7.99, 18.73, 33.90, 7.99]	FALSE	FALSE	FALSE
[300.01, -43.39, 18.65, -24.00]	[-8.17, 18.38, 33.23, 8.17]	FALSE	FALSE	FALSE
[300.01, -44.40, 20.65, -23.00]	[-8.36, 18.04, 32.56, 8.36]	FALSE	FALSE	FALSE
[300.01, -45.41, 22.65, -22.00]	[-8.55, 17.70, 31.89, 8.55]	FALSE	FALSE	FALSE
[300.01, -46.42, 24.65, -21.00]	[-8.74, 17.36, 31.23, 8.74]	FALSE	FALSE	FALSE
[300.01, -47.43, 26.65, -20.00]	[-8.93, 17.02, 30.56, 8.93]	FALSE	FALSE	FALSE
[300.01, -48.44, 28.65, -19.00]	[-9.12, 16.68, 29.89, 9.12]	FALSE	FALSE	FALSE
[300.01, -49.45, 30.65, -18.00]	[-9.31, 16.34, 29.23, 9.31]	FALSE	FALSE	FALSE
[300.01, -50.46, 32.65, -17.00]	[-9.49, 15.99, 28.56, 9.49]	FALSE	FALSE	FALSE
[300.01, -51.47, 34.65, -16.00]	[-9.68, 15.65, 27.89, 9.68]	FALSE	FALSE	FALSE
[300.01, -52.48, 36.65, -15.00]	[-9.87, 15.31, 27.23, 9.87]	FALSE	FALSE	FALSE
[300.01, -53.49, 38.65, -14.00]	[-10.06, 14.97, 26.56, 10.06]	FALSE	FALSE	FALSE
[300.01, -54.50, 40.65, -13.00]	[-10.25, 14.63, 25.89, 10.25]	FALSE	FALSE	FALSE
[300.01, -55.51, 42.64, -12.00]	[-10.44, 14.29, 25.22, 10.44]	FALSE	FALSE	FALSE
[300.01, -56.52, 44.64, -11.00]	[-10.63, 13.95, 24.56, 10.63]	FALSE	FALSE	FALSE
[300.01, -57.53, 46.64, -10.00]	[-10.81, 13.60, 23.89, 10.81]	FALSE	FALSE	FALSE
[300.01, -58.54, 48.64, -9.00]	[-11.00, 13.26, 23.22, 11.00]	FALSE	FALSE	FALSE
[300.01, -59.55, 50.64, -8.00]	[-11.19, 12.92, 22.56, 11.19]	FALSE	FALSE	FALSE
[300.01, -60.56, 52.64, -7.00]	[-11.38, 12.58, 21.89, 11.38]	FALSE	FALSE	FALSE
[300.01, -61.57, 54.64, -6.00]	[-11.57, 12.24, 21.22, 11.57]	FALSE	FALSE	FALSE
[300.01, -62.58, 56.64, -5.00]	[-11.76, 11.90, 20.56, 11.76]	FALSE	FALSE	FALSE
[300.01, -63.59, 58.64, -4.00]	[-11.95, 11.56, 19.89, 11.95]	FALSE	FALSE	FALSE
[300.01, -64.60, 60.64, -3.00]	[-12.13, 11.21, 19.22, 12.13]	FALSE	FALSE	FALSE
[300.01, -65.61, 62.64, -2.00]	[-12.32, 10.87, 18.55, 12.32]	FALSE	FALSE	FALSE
[300.01, -66.62, 64.64, -1.00]	[-12.51, 10.53, 17.89, 12.51]	FALSE	FALSE	FALSE
[300.01, -67.63, 66.64, 0.00]	[-12.70, 10.19, 17.22, 12.70]	FALSE	FALSE	FALSE
[300.01, -67.63, 66.64, 0.00]	[-12.70, 10.19, 17.22, 12.70]	FALSE	FALSE	FALSE
[300.01, -67.63, 66.64, 0.00]	[-12.70, 10.19, 17.22, 12.70]	FALSE	FALSE	FALSE
[300.01, -67.63, 66.64, 0.00]	[-12.70, 10.19, 17.22, 12.70]	FALSE	FALSE	FALSE
[300.01, -67.63, 66.64, 0.00]	[-12.70, 10.19, 17.22, 12.70]	FALSE	FALSE	FALSE
[300.01, -67.63, 66.64, 0.00]	[-12.70, 10.19, 17.22, 12.70]	FALSE	FALSE	FALSE
[300.01, -67.63, 66.64, 0.00]	[-12.70, 10.19, 17.22, 12.70]	FALSE	FALSE	FALSE
[300.01, -67.63, 66.64, 0.00]	[-12.70, 10.19, 17.22, 12.70]	FALSE	FALSE	FALSE
[300.01, -67.63, 66.64, 0.00]	[-12.70, 10.19, 17.22, 12.70]	FALSE	FALSE	FALSE
[300.01, -67.63, 66.64, 0.00]	[-12.70, 10.19, 17.22, 12.70]	FALSE	FALSE	FALSE
[300.01, -67.63, 66.64, 0.00]	[-12.70, 10.19, 17.22, 12.70]	FALSE	FALSE	FALSE
[300.01, -65.18, 66.61, -49.00]	[-12.24, 10.18, 17.23, 12.24]	FALSE	FALSE	FALSE
[300.02, -62.72, 66.57, -48.00]	[-11.78, 10.17, 17.25, 11.78]	FALSE	FALSE	FALSE
[300.02, -60.27, 66.54, -47.00]	[-11.31, 10.16, 17.26, 11.31]	FALSE	FALSE	FALSE
[300.03, -57.82, 66.50, -46.00]	[-10.85, 10.15, 17.28, 10.85]	FALSE	FALSE	FALSE
[300.03, -55.36, 66.47, -45.00]	[-10.39, 10.14, 17.29, 10.39]	FALSE	FALSE	FALSE
[300.04, -52.91, 66.44, -44.00]	[-9.93, 10.12, 17.31, 9.93]	FALSE	FALSE	FALSE
[300.04, -50.46, 66.40, -43.00]	[-9.47, 10.11, 17.32, 9.47]	FALSE	FALSE	FALSE
[300.04, -48.00, 66.37, -42.00]	[-9.01, 10.10, 17.33, 9.01]	FALSE	FALSE	FALSE
[300.05, -45.55, 66.34, -41.00]	[-8.54, 10.09, 17.35, 8.54]	FALSE	FALSE	FALSE
[300.05, -43.10, 66.30, -40.00]	[-8.08, 10.08, 17.36, 8.08]	FALSE	FALSE	FALSE
[300.06, -40.64, 66.27, -39.00]	[-7.62, 10.07, 17.38, 7.62]	FALSE	FALSE	FALSE
[300.06, -38.19, 66.23, -38.00]	[-7.16, 10.06, 17.39, 7.16]	FALSE	FALSE	FALSE
[300.06, -35.74, 66.20, -37.00]	[-6.70, 10.05, 17.40, 6.70]	FALSE	FALSE	FALSE
[300.07, -33.28, 66.17, -36.00]	[-6.23, 10.04, 17.42, 6.23]	FALSE	FALSE	FALSE
[300.07, -30.83, 66.13, -35.00]	[-5.77, 10.03, 17.43, 5.77]	FALSE	FALSE	FALSE
[300.08, -28.38, 66.10, -34.00]	[-5.31, 10.01, 17.45, 5.31]	FALSE	FALSE	FALSE
[300.08, -25.92, 66.07, -33.00]	[-4.85, 10.00, 17.46, 4.85]	FALSE	FALSE	FALSE
[300.09, -23.47, 66.03, -32.00]	[-4.39, 9.99, 17.48, 4.39]	FALSE	FALSE	FALSE
[300.09, -21.02, 66.00, -31.00]	[-3.93, 9.98, 17.49, 3.93]	FALSE	FALSE	FALSE
[300.09, -18.56, 65.96, -30.00]	[-3.46, 9.97, 17.50, 3.46]	FALSE	FALSE	FALSE
[300.10, -16.11, 65.93, -29.00]	[-3.00, 9.96, 17.52, 3.00]	FALSE	FALSE	FALSE
[300.10, -13.66, 65.90, -28.00]	[-2.54, 9.95, 17.53, 2.54]	FALSE	FALSE	FALSE
[300.11, -11.20, 65.86, -27.00]	[-2.08, 9.94, 17.55, 2.08]	FALSE	FALSE	FALSE
[300.11, -8.75, 65.83, -26.00]	[-1.62, 9.93, 17.56, 1.62]	FALSE	FALSE	FALSE
[300.12, -6.30, 65.80, -25.00]	[-1.16, 9.92, 17.58, 1.16]	FALSE	FALSE	FALSE
[300.12, -3.84, 65.76, -24.00]	[-0.69, 9.90, 17.59, 0.69]	FALSE	FALSE	FALSE
[300.12, -1.39, 65.73, -23.00]	[-0.23, 9.89, 17.60, 0.23]	FALSE	FALSE	FALSE
[300.13, 1.07, 65.69, -22.00]	[0.23, 9.88, 17.62, -0.23]	FALSE	FALSE	FALSE
[300.13, 3.52, 65.66, -21.00]	[0.69, 9.87, 17.63, -0.69]	FALSE	FALSE	FALSE
[300.14, 5.97, 65.63, -20.00]	[1.15, 9.86, 17.65, -1.15]	FALSE	FALSE	FALSE
[300.14, 8.43, 65.59, -19.00]	[1.62, 9.85, 17.66, -1.62]	FALSE	FALSE	FALSE
[300.14, 10.88, 65.56, -18.00]	[2.08, 9.84, 17.67, -2.08]	FALSE	FALSE	FALSE
[300.15, 13.33, 65.52, -17.00]	[2.54, 9.83, 17.69, -2.54]	FALSE	FALSE	FALSE
[300.15, 15.79, 65.49, -16.00]	[3.00, 9.82, 17.70, -3.00]	FALSE	FALSE	FALSE
[300.16, 18.24, 65.46, -15.00]	[3.46, 9.81, 17.72, -3.46]	FALSE	FALSE	FALSE
[300.16, 20.69, 65.42, -14.00]	[3.92, 9.79, 17.73, -3.92]	FALSE	FALSE	FALSE
[300.17, 23.15, 65.39, -13.00]	[4.39, 9.78, 17.75, -4.39]	FALSE	FALSE	FALSE
[300.17, 25.60, 65.36, -12.00]	[4.85, 9.77, 17.76, -4.85]	FALSE	FALSE	FALSE
[300.17, 28.05, 65.32, -11.00]	[5.31, 9.76, 17.77, -5.31]	FALSE	FALSE	FALSE
[300.18, 30.51, 65.29, -10.00]	[5.77, 9.75, 17.79, -5.77]	FALSE	FALSE	FALSE
[300.18, 32.96, 65.25, -9.00]	[6.23, 9.74, 17.80, -6.23]	FALSE	FALSE	FALSE
[300.19, 35.41, 65.22, -8.00]	[6.70, 9.73, 17.82, -6.70]	FALSE	FALSE	FALSE
[300.19, 37.87, 65.19, -7.00]	[7.16, 9.72, 17.83, -7.16]	FALSE	FALSE	FALSE
[300.19, 40.32, 65.15, -6.00]	[7.62, 9.71, 17.84, -7.62]	FALSE	FALSE	FALSE
[300.20, 42.77, 65.12, -5.00]	[8.08, 9.70, 17.86, -8.08]	FALSE	FALSE	FALSE
[300.20, 45.23, 65.09, -4.00]	[8.54, 9.68, 17.87, -8.54]	FALSE	FALSE	FALSE
[300.21, 47.68, 65.05, -3.00]	[9.00, 9.67, 17.89, -9.00]	FALSE	FALSE	FALSE
[300.21, 50.13, 65.02, -2.00]	[9.47, 9.66, 17.90, -9.47]	FALSE	FALSE	FALSE
[300.22, 52.59, 64.98, -1.00]	[9.93, 9.65, 17.92, -9.93]	FALSE	FALSE	FALSE
[300.22, 55.04, 64.95, 0.00]	[10.39, 9.64, 17.93, -10.39]	FALSE	FALSE	FALSE
[300.22, 55.04, 64.95, 0.00]	[10.39, 9.64, 17.93, -10.39]	FALSE	FALSE	FALSE
[300.22, 55.04, 64.95, 0.00]	[10.39, 9.64, 17.93, -10.39]	FALSE	FALSE	FALSE
[300.22, 55.04, 64.95, 0.00]	[10.39, 9.64, 17.93, -10.39]	FALSE	FALSE	FALSE
[300.22, 55.04, 64.95, 0.00]	[10.39, 9.64, 17.93, -10.39]	FALSE	FALSE	FALSE
[300.22, 55.04, 64.95, 0.00]	[10.39, 9.64, 17.93, -10.39]	FALSE	FALSE	FALSE
[300.22, 55.04, 64.95, 0.00]	[10.39, 9.64, 17.93, -10.39]	FALSE	FALSE	FALSE
[300.22, 55.04, 64.95, 0.00]	[10.39, 9.64, 17.93, -10.39]	FALSE	FALSE	FALSE
[300.22, 55.04, 64.95, 0.00]	[10.39, 9.64, 17.93, -10.39]	FALSE	FALSE	FALSE
[300.22, 55.04, 64.95, 0.00]	[10.39, 9.64, 17.93, -10.39]	FALSE	FALSE	FALSE
[300.22, 55.04, 64.95, 0.00]	[10.39, 9.64, 17.93, -10.39]	FALSE	FALSE	FALSE
[300.22, 55.04, 64.95, 0.00]	[10.39, 9.64, 17.93, -10.39]	FALSE	FALSE	FALSE
[300.22, 55.04, 64.95, 0.00]	[10.39, 9.64, 17.93, -10.39]	FALSE	FALSE	FALSE
[300.22, 55.04, 64.95, 0.00]	[10.39, 9.64, 17.93, -10.39]	FALSE	FALSE	FALSE
[300.22, 55.04, 64.95, 0.00]	[10.39, 9.64, 17.93, -10.39]	FALSE	FALSE	FALSE
[300.22, 55.04, 64.95, 0.00]	[10.39, 9.64, 17.93, -10.39]	FALSE	FALSE	FALSE
[300.22, 55.04, 64.95, 0.00]	[10.39, 9.64, 17.93, -10.39]	FALSE	FALSE	FALSE
[300.22, 55.04, 64.95, 0.00]	[10.39, 9.64, 17.93, -10.39]	FALSE	FALSE	FALSE
[300.22, 55.04, 64.95, 0.00]	[10.39, 9.64, 17.93, -10.39]	FALSE	FALSE	FALSE
[300.22, 55.04, 64.95, 0.00]	[10.39, 9.64, 17.93, -10.39]	FALSE	FALSE	FALSE
[300.22, 55.04, 64.95, 0.00]	[10.39, 9.64, 17.93, -10.39]	FALSE	FALSE	FALSE
[300.22, 55.04, 64.95, 0.00]	[10.39, 9.64, 17.93, -10.39]	FALSE	FALSE	FALSE
[300.22, 55.04, 64.95, 0.00]	[10.39, 9.64, 17.93, -10.39]	FALSE	FALSE	FALSE
[300.22, 55.04, 64.95, 0.00]	[10.39, 9.64, 17.93, -10.39]	FALSE	FALSE	FALSE
[300.22, 55.04, 64.95, 0.00]	[10.39, 9.64, 17.93, -10.39]	FALSE	FALSE	FALSE
[300.22, 55.04, 64.95, 0.00]	[10.39, 9.64, 17.93, -10.39]	FALSE	FALSE	FALSE
[300.22, 55.04, 64.95, 0.00]	[10.39, 9.64, 17.93, -10.39]	FALSE	FALSE	FALSE
[300.22, 55.04, 64.95, 0.00]	[10.39, 9.64, 17.93, -10.39]	FALSE	FALSE	FALSE
[300.22, 55.04, 64.95, 0.00]	[10.39, 9.64, 17.93, -10.39]	FALSE	FALSE	FALSE
[300.22, 55.04, 64.95, 0.00]	[10.39, 9.64, 17.93, -10.39]	FALSE	FALSE	FALSE
[300.22, 55.04, 64.95, 0.00]	[10.39, 9.64, 17.93, -10.39]	FALSE	FALSE	FALSE
[300.22, 55.04, 64.95, 0.00]	[10.39, 9.64, 17.93, -10.39]	FALSE	FALSE	FALSE
[300.22, 55.04, 64.95, 0.00]	[10.39, 9.64, 17.93, -10.39]	FALSE	FALSE	FALSE
[300.22, 55.04, 64.95, 0.00]	[10.39, 9.64, 17.93, -10.39]	FALSE	FALSE	FALSE
[300.22, 55.04, 64.95, 0.00]	[10.39, 9.64, 17.93, -10.39]	FALSE	FALSE	FALSE
[300.22, 55.04, 64.95, 0.00]	[10.39, 9.64, 17.93, -10.39]	FALSE	FALSE	FALSE
[300.22, 55.04, 64.95, 0.00]	[10.39, 9.64, 17.93, -10.39]	FALSE	FALSE	FALSE
[300.22, 55.04, 64.95, 0.00]	[10.39, 9.64, 17.93, -10.39]	FALSE	FALSE	FALSE
[300.22, 55.04, 64.95, 0.00]	[10.39, 9.64, 17.93, -10.39]	FALSE	FALSE	FALSE
[300.22, 55.04, 64.95, 0.00]	[10.39, 9.64, 17.93, -10.39]	FALSE	FALSE	FALSE
[300.22, 55.04, 64.95, 0.00]	[10.39, 9.64, 17.93, -10.39]	FALSE	FALSE	FALSE
[300.22, 55.04, 64.95, 0.00]	[10.39, 9.64, 17.93, -10.39]	FALSE	FALSE	FALSE
[300.22, 55.04, 64.95, 0.00]	[10.39, 9.64, 17.93, -10.39]	FALSE	FALSE	FALSE
[300.22, 55.04, 64.95, 0.00]	[10.39, 9.64, 17.93, -10.39]	FALSE	FALSE	FALSE
[300.22, 55.04, 64.95, 0.00]	[10.39, 9.64, 17.93, -10.39]	FALSE	FALSE	FALSE
[300.22, 55.04, 64.95, 0.00]	[10.39, 9.64, 17.93, -10.39]	FALSE	FALSE	FALSE
[300.22, 55.04, 64.95, 0.00]	[10.39, 9.64, 17.93, -10.39]	FALSE	FALSE	FALSE
[300.22, 55.04, 64.95, 0.00]	[10.39, 9.64, 17.93, -10.39]	FALSE	FALSE	FALSE
[300.22, 55.04, 64.95, 0.00]	[10.39, 9.64, 17.93, -10.39]	FALSE	FALSE	FALSE
[300.22, 55.04, 64.95, 0.00]	[10.39, 9.64, 17.93, -10.39]	FALSE	FALSE	FALSE
[300.22, 55.04, 64.95, 0.00]	[10.39, 9.64, 17.93, -10.39]	FALSE	FALSE	FALSE
[300.22, 55.04, 64.95, 0.00]	[10.39, 9.64, 17.93, -10.39]	FALSE	FALSE	FALSE
[300.22, 55.04, 64.95, 0.00]	[10.39, 9.64, 17.93, -10.39]	FALSE	FALSE	FALSE
[300.22, 55.04, 64.95, 0.00]	[10.39, 9.64, 17.93, -10.39]	FALSE	FALSE	FALSE
[300.22, 55.04, 64.95, 0.00]	[10.39, 9.64, 17.93, -10.39]	FALSE	FALSE	FALSE
[300.22, 55.04, 64.95, 0.00]	[10.39, 9.64, 17.93, -10.39]	FALSE	FALSE	FALSE
[300.22, 55.04, 64.95, 0.00]	[10.39, 9.64, 17.93, -10.39]	FALSE	FALSE	FALSE
[300.22, 55.04, 64.95, 0.00]	[10.39, 9.64, 17.93, -10.39]	FALSE	FALSE	FALSE
[300.22, 55.04, 64.95, 0.00]	[10.39, 9.64, 17.93, -10.39]	FALSE	FALSE	FALSE
[300.22, 55.04, 64.95, 0.00]	[10.39, 9.64, 17.93, -10.39]	FALSE	FALSE	FALSE
[300.22, 55.04, 64.95, 0.00]	[10.39, 9.64, 17.93, -10.39]	FALSE	FALSE	FALSE
[300.22, 55.04, 64.95, 0.00]	[10.39, 9.64, 17.93, -10.39]	FALSE	FALSE	FALSE
[300.22, 55.04, 64.95, 0.00]	[10.39, 9.64, 17.93, -10.39]	FALSE	FALSE	FALSE
[300.22, 55.04, 64.95, 0.00]	[10.39, 9.64, 17.93, -10.39]	FALSE	FALSE	FALSE
[300.22, 55.04, 64.95, 0.00]	[10.39, 9.64, 17.93, -10.39]	FALSE	FALSE	FALSE
[300.22, 55.04, 64.95, 0.00]	[10.39, 9.64, 17.93, -10.39]	FALSE	FALSE	FALSE
[300.22, 55.04, 64.95, 0.00]	[10.39, 9.64, 17.93, -10.39]	FALSE	FALSE	FALSE
[300.22, 55.04, 64.95, 0.00]	[10.39, 9.64, 17.93, -10.39]	FALSE	FALSE	FALSE
[300.22, 55.04, 64.95, 0.00]	[10.39, 9.64, 17.93, -10.39]	FALSE	FALSE	FALSE
[300.22, 55.04, 64.95, 0.00]	[10.39, 9.64, 17.93, -10.39]	FALSE	FALSE	FALSE
[300.22, 55.04, 64.95, 0.00]	[10.39, 9.64, 17.93, -10.39]	FALSE	FALSE	FALSE
[300.22, 55.04, 64.95, 0.00]	[10.39, 9.64, 17.93, -10.39]	FALSE	FALSE	FALSE
[300.22, 55.04, 64.95, 0.00]	[10.39, 9.64, 17.93, -10.39]	FALSE	FALSE	FALSE
[300.22, 55.04, 64.95, 0.00]	[10.39, 9.64, 17.93, -10.39]	FALSE	FALSE	FALSE
[300.22, 55.04, 64.95, 0.00]	[10.39, 9.64, 17.93, -10.39]	FALSE	FALSE	FALSE
[300.22, 55.04, 64.95, 0.00]	[10.39, 9.64, 17.93, -10.39]	FALSE	FALSE	FALSE
[300.22, 55.04, 64.95, 0.00]	[10.39, 9.64, 17.93, -10.39]	FALSE	FALSE	FALSE
[300.22, 55.04, 64.95, 0.00]	[10.39, 9.64, 17.93, -10.39]	FALSE	FALSE	FALSE
[300.22, 55.04, 64.95, 0.00]	[10.39, 9.64, 17.93, -10.39]	FALSE	FALSE	FALSE
[300.22, 55.04, 64.95, 0.00]	[10.39, 9.64, 17.93, -10.39]	FALSE	FALSE	FALSE
[300.22, 55.04, 64.95, 0.00]	[10.39, 9.64, 17.93, -10.39]	FALSE	FALSE	FALSE
[300.22, 55.04, 64.95, 0.00]	[10.39, 9.64, 17.93, -10.39]	FALSE	FALSE	FALSE
[300.22, 55.04, 64.95, 0.00]	[10.39, 9.64, 17.93, -10.39]	FALSE	FALSE	FALSE
[300.22, 55.04, 64.95, 0.00]	[10.39, 9.64, 17.93, -10.39]	FALSE	FALSE	FALSE
[300.22, 55.04, 64.95, 0.00]	[10.39, 9.64, 17.93, -10.39]	FALSE	FALSE	FALSE
[300.22, 55.04, 64.95, 0.00]	[10.39, 9.64, 17.93, -10.39]	FALSE	FALSE	FALSE
[300.22, 55.04, 64.95, 0.00]	[10.39, 9.64, 17.93, -10.39]	FALSE	FALSE	FALSE
[300.22, 55.04, 64.95, 0.00]	[10.39, 9.64, 17.93, -10.39]	FALSE	FALSE	FALSE
[300.22, 55.04, 64.95, 0.00]	[10.39, 9.64, 17.93, -10.39]	FALSE	FALSE	FALSE
[300.22, 55.04, 64.95, 0.00]	[10.39, 9.64, 17.93, -10.39]	FALSE	FALSE	FALSE
[300.22, 55.04, 64.95, 0.00]	[10.39, 9.64, 17.93, -10.39]	FALSE	FALSE	FALSE
[300.22, 55.04, 64.95, 0.00]	[10.39, 9.64, 17.93, -10.39]	FALSE	FALSE	FALSE
[300.22, 55.04, 64.95, 0.00]	[10.39, 9.64, 17.93, -10.39]	FALSE	FALSE	FALSE
[300.22, 55.04, 64.95, 0.00]	[10.39, 9.64, 17.93, -10.39]	FALSE	FALSE	FALSE
[300.22, 55.04, 64.95, 0.00]	[10.39, 9.64, 17.93, -10.39]	FALSE	FALSE	FALSE
[300.22, 55.04, 64.95, 0.00]	[10.39, 9.64, 17.93, -10.39]	FALSE	FALSE	FALSE
[300.22, 55.04, 64.95, 0.00]	[10.39, 9.64, 17.93, -10.39]	FALSE	FALSE	FALSE
[300.22, 55.04, 64.95, 0.00]	[10.39, 9.64, 17.93, -10.39]	FALSE	FALSE	FALSE
[300.22, 55.04, 64.95, 0.00]	[10.39, 9.64, 17.93, -10.39]	FALSE	FALSE	FALSE
[300.22, 55.04, 64.95, 0.00]	[10.39, 9.64, 17.93, -10.39]	FALSE	FALSE	FALSE
[300.22, 55.04, 64.95, 0.00]	[10.39, 9.64, 17.93, -10.39]	FALSE	FALSE	FALSE
[300.22, 55.04, 64.95, 0.00]	[10.39, 9.64, 17.93, -10.39]	FALSE	FALSE	FALSE
[300.22, 55.04, 64.95, 0.00]	[10.39, 9.64, 17.93, -10.39]	FALSE	FALSE	FALSE
[300.22, 55.04, 64.95, 0.00]	[10.39, 9.64, 17.93, -10.39]	FALSE	FALSE	FALSE
[300.22, 55.04, 64.95, 0.00]	[10.39, 9.64, 17.93, -10.39]	FALSE	FALSE	FALSE
[300.22, 55.04, 64.95, 0.00]	[10.39, 9.64, 17.93, -10.39]	FALSE	FALSE	FALSE
[300.22, 55.04, 64.95, 0.00]	[10.39, 9.64, 17.93, -10.39]	FALSE	FALSE	FALSE
[300.22, 55.04, 64.95, 0.00]	[10.39, 9.64, 17.93, -10.39]	FALSE	FALSE	FALSE
[300.22, 55.04, 64.95, 0.00]	[10.39, 9.64, 17.93, -10.39]	FALSE	FALSE	FALSE
[300.22, 55.04, 64.95, 0.00]	[10.39, 9.64, 17.93, -10.39]	FALSE	FALSE	FALSE
[300.22, 55.04, 64.95, 0.00]	[10.39, 9.64, 17.93, -10.39]	FALSE	FALSE	FALSE
[300.22, 55.04, 64.95, 0.00]	[10.39, 9.64, 17.93, -10.39]	FALSE	FALSE	FALSE
[300.22, 55.04, 64.95, 0.00]	[10.39, 9.64, 17.93, -10.39]	FALSE	FALSE	FALSE
[300.22, 55.04, 64.95, 0.00]	[10.39, 9.64, 17.93, -10.39]	FALSE	FALSE	FALSE
[300.22, 55.04, 64.95, 0.00]	[10.39, 9.64, 17.93, -10.39]	FALSE	FALSE	FALSE
[300.22, 55.04, 64.95, 0.00]	[10.39, 9.64, 17.93, -10.39]	FALSE	FALSE	FALSE
[300.22, 55.04, 64.95, 0.00]	[10.39, 9.64, 17.93, -10.39]	FALSE	FALSE	FALSE
[300.22, 55.04, 64.95, 0.00]	[10.39, 9.64, 17.93, -10.39]	FALSE	FALSE	FALSE
[300.22, 55.04, 64.95, 0.00]	[10.39, 9.64, 17.93, -10.39]	FALSE	FALSE	FALSE
[300.22, 55.04, 64.95, 0.00]	[10.39, 9.64, 17.93, -10.39]	FALSE	FALSE	FALSE
[300.22, 55.04, 64.95, 0.00]	[10.39, 9.64, 17.93, -10.39]	FALSE	FALSE	FALSE
[300.22, 55.04, 64.95, 0.00]	[10.39, 9.64, 17.93, -10.39]	FALSE	FALSE	FALSE
[300.22, 55.04, 64.95, 0.00]	[10.39, 9.64, 17.93, -10.39]	FALSE	FALSE	FALSE
[300.22, 55.04, 64.95, 0.00]	[10.39, 9.64, 17.93, -10.39]	FALSE	FALSE	FALSE
[300.22, 55.04, 64.95, 0.00]	[10.39, 9.64, 17.93, -10.39]	FALSE	FALSE	FALSE
[300.22, 55.04, 64.95, 0.00]	[10.39, 9.64, 17.93, -10.39]	FALSE	FALSE	FALSE
[300.22, 55.04, 64.95, 0.00]	[10.39, 9.64, 17.93, -10.39]	FALSE	FALSE	FALSE
[300.22, 55.04, 64.95, 0.00]	[10.39, 9.64, 17.93, -10.39]	FALSE	FALSE	FALSE
[300.22, 55.04, 64.95, 0.00]	[10.39, 9.64, 17.93, -10.39]	FALSE	FALSE	FALSE
[300.22, 55.04, 64.95, 0.00]	[10.39, 9.64, 17.93, -10.39]	FALSE	FALSE	FALSE
[300.22, 55.04, 64.95, 0.00]	[10.39, 9.64, 17.93, -10.39]	FALSE	FALSE	FALSE
[300.22, 55.04, 64.95, 0.00]	[10.39, 9.64, 17.93, -10.39]	FALSE	FALSE	FALSE
[300.22, 55.04, 64.95, 0.00]	[10.39, 9.64, 17.93, -10.39]	FALSE	FALSE	FALSE
[300.22, 55.04, 64.95, 0.00]	[10.39, 9.64, 17.93, -10.39]	FALSE	FALSE	FALSE
[300.22, 55.04, 64.95, 0.00]	[10.39, 9.64, 17.93, -10.39]	FALSE	FALSE	FALSE
[300.22, 55.04, 64.95, 0.00]	[10.39, 9.64, 17.93, -10.39]	FALSE	FALSE	FALSE
[300.22, 55.04, 64.95, 0.00]	[10.39, 9.64, 17.93, -10.39]	FALSE	FALSE	FALSE
[300.22, 55.04, 64.95, 0.00]	[10.39, 9.64, 17.93, -10.39]	FALSE	FALSE	FALSE
[300.22, 55.04, 64.95, 0.00]	[10.39, 9.64, 17.93, -10.39]	FALSE	FALSE	FALSE
[300.22, 55.04, 64.95, 0.00]	[10.39, 9.64, 17.93, -10.39]	FALSE	FALSE	FALSE
[300.22, 55.04, 64.95, 0.00]	[10.39, 9.64, 17.93, -10.39]	FALSE	FALSE	FALSE
