pose	angles	laser_status	suction_cup_status	gripper_status
[300.00, -67.62, 66.65, 0.00]	[-12.70, 10.18, 17.21, 12.7]	FALSE	FALSE	FALSE
[300.00, -67.62, 66.65, 0.00]	[-12.70, 10.18, 17.21, 12.7]	FALSE	FALSE	FALSE
[300.00, -67.62, 66.65, 0.00]	[-12.70, 10.18, 17.21, 12.7]	FALSE	FALSE	FALSE
[300.00, -67.62, 66.65, 0.00]	[-12.70, 10.18, 17.21, 12.7]	FALSE	FALSE	FALSE
[300.00, -67.62, 66.65, 0.00]	[-12.70, 10.18, 17.21, 12.7]	FALSE	FALSE	FALSE
[300.00, -67.62, 66.65, 0.00]	[-12.70, 10.18, 17.21, 12.7]	FALSE	FALSE	FALSE
[300.00, -67.62, 66.65, 0.00]	[-12.70, 10.18, 17.21, 12.7]	FALSE	FALSE	FALSE
[300.00, -67.62, 66.65, 0.00]	[-12.70, 10.18, 17.21, 12.7]	FALSE	FALSE	FALSE
[300.00, -67.62, 66.65, 0.00]	[-12.70, 10.18, 17.21, 12.70]	FALSE	FALSE	FALSE
[300.00, -67.62, 64.65, -49.00]	[-12.70, 10.55, 17.85, 12.70]	FALSE	FALSE	FALSE
[300.00, -67.62, 62.64, -48.00]	[-12.70, 10.93, 18.50, 12.70]	FALSE	FALSE	FALSE
[300.01, -67.63, 60.64, -47.00]	[-12.70, 11.30, 19.14, 12.70]	FALSE	FALSE	FALSE
[300.01, -67.63, 58.64, -46.00]	[-12.70, 11.68, 19.79, 12.70]	FALSE	FALSE	FALSE
[300.01, -67.63, 56.64, -45.00]	[-12.70, 12.05, 20.43, 12.70]	FALSE	FALSE	FALSE
[300.01, -67.63, 54.63, -44.00]	[-12.70, 12.43, 21.08, 12.70]	FALSE	FALSE	FALSE
[300.01, -67.64, 52.63, -43.00]	[-12.70, 12.80, 21.72, 12.70]	FALSE	FALSE	FALSE
[300.02, -67.64, 50.63, -42.00]	[-12.70, 13.18, 22.37, 12.70]	FALSE	FALSE	FALSE
[300.02, -67.64, 48.62, -41.00]	[-12.70, 13.55, 23.01, 12.70]	FALSE	FALSE	FALSE
[300.02, -67.64, 46.62, -40.00]	[-12.70, 13.93, 23.66, 12.70]	FALSE	FALSE	FALSE
[300.02, -67.65, 44.62, -39.00]	[-12.70, 14.30, 24.30, 12.70]	FALSE	FALSE	FALSE
[300.02, -67.65, 42.62, -38.00]	[-12.70, 14.68, 24.95, 12.70]	FALSE	FALSE	FALSE
[300.03, -67.65, 40.61, -37.00]	[-12.71, 15.05, 25.59, 12.71]	FALSE	FALSE	FALSE
[300.03, -67.65, 38.61, -36.00]	[-12.71, 15.42, 26.23, 12.71]	FALSE	FALSE	FALSE
[300.03, -67.66, 36.61, -35.00]	[-12.71, 15.80, 26.88, 12.71]	FALSE	FALSE	FALSE
[300.03, -67.66, 34.61, -34.00]	[-12.71, 16.17, 27.52, 12.71]	FALSE	FALSE	FALSE
[300.03, -67.66, 32.60, -33.00]	[-12.71, 16.55, 28.17, 12.71]	FALSE	FALSE	FALSE
[300.04, -67.66, 30.60, -32.00]	[-12.71, 16.92, 28.81, 12.71]	FALSE	FALSE	FALSE
[300.04, -67.67, 28.60, -31.00]	[-12.71, 17.30, 29.46, 12.71]	FALSE	FALSE	FALSE
[300.04, -67.67, 26.59, -30.00]	[-12.71, 17.67, 30.10, 12.71]	FALSE	FALSE	FALSE
[300.04, -67.67, 24.59, -29.00]	[-12.71, 18.05, 30.75, 12.71]	FALSE	FALSE	FALSE
[300.04, -67.67, 22.59, -28.00]	[-12.71, 18.42, 31.39, 12.71]	FALSE	FALSE	FALSE
[300.05, -67.68, 20.59, -27.00]	[-12.71, 18.80, 32.04, 12.71]	FALSE	FALSE	FALSE
[300.05, -67.68, 18.58, -26.00]	[-12.71, 19.17, 32.68, 12.71]	FALSE	FALSE	FALSE
[300.05, -67.68, 16.58, -25.00]	[-12.71, 19.55, 33.33, 12.71]	FALSE	FALSE	FALSE
[300.05, -67.68, 14.58, -24.00]	[-12.71, 19.92, 33.97, 12.71]	FALSE	FALSE	FALSE
[300.05, -67.68, 12.57, -23.00]	[-12.71, 20.29, 34.61, 12.71]	FALSE	FALSE	FALSE
[300.06, -67.69, 10.57, -22.00]	[-12.71, 20.67, 35.26, 12.71]	FALSE	FALSE	FALSE
[300.06, -67.69, 8.57, -21.00]	[-12.71, 21.04, 35.90, 12.71]	FALSE	FALSE	FALSE
[300.06, -67.69, 6.57, -20.00]	[-12.71, 21.42, 36.55, 12.71]	FALSE	FALSE	FALSE
[300.06, -67.69, 4.56, -19.00]	[-12.71, 21.79, 37.19, 12.71]	FALSE	FALSE	FALSE
[300.06, -67.70, 2.56, -18.00]	[-12.71, 22.17, 37.84, 12.71]	FALSE	FALSE	FALSE
[300.07, -67.70, 0.56, -17.00]	[-12.71, 22.54, 38.48, 12.71]	FALSE	FALSE	FALSE
[300.07, -67.70, -1.45, -16.00]	[-12.71, 22.92, 39.13, 12.71]	FALSE	FALSE	FALSE
[300.07, -67.70, -3.45, -15.00]	[-12.71, 23.29, 39.77, 12.71]	FALSE	FALSE	FALSE
[300.07, -67.71, -5.45, -14.00]	[-12.71, 23.67, 40.42, 12.71]	FALSE	FALSE	FALSE
[300.07, -67.71, -7.45, -13.00]	[-12.71, 24.04, 41.06, 12.71]	FALSE	FALSE	FALSE
[300.08, -67.71, -9.46, -12.00]	[-12.72, 24.41, 41.70, 12.72]	FALSE	FALSE	FALSE
[300.08, -67.71, -11.46, -11.00]	[-12.72, 24.79, 42.35, 12.72]	FALSE	FALSE	FALSE
[300.08, -67.72, -13.46, -10.00]	[-12.72, 25.16, 42.99, 12.72]	FALSE	FALSE	FALSE
[300.08, -67.72, -15.46, -9.00]	[-12.72, 25.54, 43.64, 12.72]	FALSE	FALSE	FALSE
[300.08, -67.72, -17.47, -8.00]	[-12.72, 25.91, 44.28, 12.72]	FALSE	FALSE	FALSE
[300.09, -67.72, -19.47, -7.00]	[-12.72, 26.29, 44.93, 12.72]	FALSE	FALSE	FALSE
[300.09, -67.73, -21.47, -6.00]	[-12.72, 26.66, 45.57, 12.72]	FALSE	FALSE	FALSE
[300.09, -67.73, -23.48, -5.00]	[-12.72, 27.04, 46.22, 12.72]	FALSE	FALSE	FALSE
[300.09, -67.73, -25.48, -4.00]	[-12.72, 27.41, 46.86, 12.72]	FALSE	FALSE	FALSE
[300.09, -67.73, -27.48, -3.00]	[-12.72, 27.79, 47.51, 12.72]	FALSE	FALSE	FALSE
[300.10, -67.74, -29.48, -2.00]	[-12.72, 28.16, 48.15, 12.72]	FALSE	FALSE	FALSE
[300.10, -67.74, -31.49, -1.00]	[-12.72, 28.54, 48.80, 12.72]	FALSE	FALSE	FALSE
[300.10, -67.74, -33.49, 0.00]	[-12.72, 28.91, 49.44, 12.72]	FALSE	FALSE	FALSE
[300.10, -67.74, -33.49, 0.00]	[-12.72, 28.91, 49.44, 12.72]	FALSE	FALSE	FALSE
[300.10, -67.74, -33.49, 0.00]	[-12.72, 28.91, 49.44, 12.72]	FALSE	FALSE	FALSE
[300.10, -67.74, -33.49, 0.00]	[-12.72, 28.91, 49.44, 12.72]	FALSE	FALSE	FALSE
[300.10, -67.74, -33.49, 0.00]	[-12.72, 28.91, 49.44, 12.72]	FALSE	FALSE	FALSE
[300.10, -67.74, -33.49, 0.00]	[-12.72, 28.91, 49.44, 12.72]	FALSE	FALSE	FALSE
[300.10, -67.74, -33.49, 0.00]	[-12.72, 28.91, 49.44, 12.72]	FALSE	TRUE	FALSE
[300.10, -67.74, -33.49, 0.00]	[-12.72, 28.91, 49.44, 12.72]	FALSE	TRUE	FALSE
[300.10, -67.74, -33.49, 0.00]	[-12.72, 28.91, 49.44, 12.72]	FALSE	TRUE	FALSE
[300.10, -67.74, -33.49, 0.00]	[-12.72, 28.91, 49.44, 12.72]	FALSE	TRUE	FALSE
[300.10, -67.74, -33.49, 0.00]	[-12.72, 28.91, 49.44, 12.72]	FALSE	TRUE	FALSE
[300.10, -67.74, -31.49, -49.00]	[-12.72, 28.54, 48.80, 12.72]	FALSE	TRUE	FALSE
[300.10, -67.74, -29.48, -48.00]	[-12.72, 28.16, 48.15, 12.72]	FALSE	TRUE	FALSE
[300.09, -67.73, -27.48, -47.00]	[-12.72, 27.79, 47.51, 12.72]	FALSE	TRUE	FALSE
[300.09, -67.73, -25.48, -46.00]	[-12.72, 27.41, 46.86, 12.72]	FALSE	TRUE	FALSE
[300.09, -67.73, -23.48, -45.00]	[-12.72, 27.04, 46.22, 12.72]	FALSE	TRUE	FALSE
[300.09, -67.73, -21.47, -44.00]	[-12.72, 26.66, 45.57, 12.72]	FALSE	TRUE	FALSE
[300.09, -67.72, -19.47, -43.00]	[-12.72, 26.29, 44.93, 12.72]	FALSE	TRUE	FALSE
[300.08, -67.72, -17.47, -42.00]	[-12.72, 25.91, 44.28, 12.72]	FALSE	TRUE	FALSE
[300.08, -67.72, -15.46, -41.00]	[-12.72, 25.54, 43.64, 12.72]	FALSE	TRUE	FALSE
[300.08, -67.72, -13.46, -40.00]	[-12.72, 25.16, 42.99, 12.72]	FALSE	TRUE	FALSE
[300.08, -67.71, -11.46, -39.00]	[-12.72, 24.79, 42.35, 12.72]	FALSE	TRUE	FALSE
[300.08, -67.71, -9.46, -38.00]	[-12.72, 24.41, 41.70, 12.72]	FALSE	TRUE	FALSE
[300.07, -67.71, -7.45, -37.00]	[-12.71, 24.04, 41.06, 12.71]	FALSE	TRUE	FALSE
[300.07, -67.71, -5.45, -36.00]	[-12.71, 23.67, 40.42, 12.71]	FALSE	TRUE	FALSE
[300.07, -67.70, -3.45, -35.00]	[-12.71, 23.29, 39.77, 12.71]	FALSE	TRUE	FALSE
[300.07, -67.70, -1.45, -34.00]	[-12.71, 22.92, 39.13, 12.71]	FALSE	TRUE	FALSE
[300.07, -67.70, 0.56, -33.00]	[-12.71, 22.54, 38.48, 12.71]	FALSE	TRUE	FALSE
[300.06, -67.70, 2.56, -32.00]	[-12.71, 22.17, 37.84, 12.71]	FALSE	TRUE	FALSE
[300.06, -67.69, 4.56, -31.00]	[-12.71, 21.79, 37.19, 12.71]	FALSE	TRUE	FALSE
[300.06, -67.69, 6.57, -30.00]	[-12.71, 21.42, 36.55, 12.71]	FALSE	TRUE	FALSE
[300.06, -67.69, 8.57, -29.00]	[-12.71, 21.04, 35.90, 12.71]	FALSE	TRUE	FALSE
[300.06, -67.69, 10.57, -28.00]	[-12.71, 20.67, 35.26, 12.71]	FALSE	TRUE	FALSE
[300.05, -67.68, 12.57, -27.00]	[-12.71, 20.29, 34.61, 12.71]	FALSE	TRUE	FALSE
[300.05, -67.68, 14.58, -26.00]	[-12.71, 19.92, 33.97, 12.71]	FALSE	TRUE	FALSE
[300.05, -67.68, 16.58, -25.00]	[-12.71, 19.55, 33.33, 12.71]	FALSE	TRUE	FALSE
[300.05, -67.68, 18.58, -24.00]	[-12.71, 19.17, 32.68, 12.71]	FALSE	TRUE	FALSE
[300.05, -67.68, 20.59, -23.00]	[-12.71, 18.80, 32.04, 12.71]	FALSE	TRUE	FALSE
[300.04, -67.67, 22.59, -22.00]	[-12.71, 18.42, 31.39, 12.71]	FALSE	TRUE	FALSE
[300.04, -67.67, 24.59, -21.00]	[-12.71, 18.05, 30.75, 12.71]	FALSE	TRUE	FALSE
[300.04, -67.67, 26.59, -20.00]	[-12.71, 17.67, 30.10, 12.71]	FALSE	TRUE	FALSE
[300.04, -67.67, 28.60, -19.00]	[-12.71, 17.30, 29.46, 12.71]	FALSE	TRUE	FALSE
[300.04, -67.66, 30.60, -18.00]	[-12.71, 16.92, 28.81, 12.71]	FALSE	TRUE	FALSE
[300.03, -67.66, 32.60, -17.00]	[-12.71, 16.55, 28.17, 12.71]	FALSE	TRUE	FALSE
[300.03, -67.66, 34.61, -16.00]	[-12.71, 16.17, 27.52, 12.71]	FALSE	TRUE	FALSE
[300.03, -67.66, 36.61, -15.00]	[-12.71, 15.80, 26.88, 12.71]	FALSE	TRUE	FALSE
[300.03, -67.65, 38.61, -14.00]	[-12.71, 15.42, 26.23, 12.71]	FALSE	TRUE	FALSE
[300.03, -67.65, 40.61, -13.00]	[-12.71, 15.05, 25.59, 12.71]	FALSE	TRUE	FALSE
[300.02, -67.65, 42.62, -12.00]	[-12.70, 14.68, 24.95, 12.70]	FALSE	TRUE	FALSE
[300.02, -67.65, 44.62, -11.00]	[-12.70, 14.30, 24.30, 12.70]	FALSE	TRUE	FALSE
[300.02, -67.64, 46.62, -10.00]	[-12.70, 13.93, 23.66, 12.70]	FALSE	TRUE	FALSE
[300.02, -67.64, 48.62, -9.00]	[-12.70, 13.55, 23.01, 12.70]	FALSE	TRUE	FALSE
[300.02, -67.64, 50.63, -8.00]	[-12.70, 13.18, 22.37, 12.70]	FALSE	TRUE	FALSE
[300.01, -67.64, 52.63, -7.00]	[-12.70, 12.80, 21.72, 12.70]	FALSE	TRUE	FALSE
[300.01, -67.63, 54.63, -6.00]	[-12.70, 12.43, 21.08, 12.70]	FALSE	TRUE	FALSE
[300.01, -67.63, 56.64, -5.00]	[-12.70, 12.05, 20.43, 12.70]	FALSE	TRUE	FALSE
[300.01, -67.63, 58.64, -4.00]	[-12.70, 11.68, 19.79, 12.70]	FALSE	TRUE	FALSE
[300.01, -67.63, 60.64, -3.00]	[-12.70, 11.30, 19.14, 12.70]	FALSE	TRUE	FALSE
[300.00, -67.62, 62.64, -2.00]	[-12.70, 10.93, 18.50, 12.70]	FALSE	TRUE	FALSE
[300.00, -67.62, 64.65, -1.00]	[-12.70, 10.55, 17.85, 12.70]	FALSE	TRUE	FALSE
[300.00, -67.62, 66.65, 0.00]	[-12.70, 10.18, 17.21, 12.70]	FALSE	TRUE	FALSE
[300.00, -67.62, 66.65, 0.00]	[-12.70, 10.18, 17.21, 12.70]	FALSE	TRUE	FALSE
[300.00, -67.62, 66.65, 0.00]	[-12.70, 10.18, 17.21, 12.70]	FALSE	TRUE	FALSE
[300.00, -67.62, 66.65, 0.00]	[-12.70, 10.18, 17.21, 12.70]	FALSE	TRUE	FALSE
[300.00, -67.62, 66.65, 0.00]	[-12.70, 10.18, 17.21, 12.70]	FALSE	TRUE	FALSE
[300.00, -67.62, 66.65, 0.00]	[-12.70, 10.18, 17.21, 12.70]	FALSE	TRUE	FALSE
[300.00, -67.62, 66.65, 0.00]	[-12.70, 10.18, 17.21, 12.70]	FALSE	TRUE	FALSE
[300.00, -67.62, 66.65, 0.00]	[-12.70, 10.18, 17.21, 12.70]	FALSE	TRUE	FALSE
[300.00, -67.62, 66.65, 0.00]	[-12.70, 10.18, 17.21, 12.70]	FALSE	TRUE	FALSE
[300.00, -67.62, 66.65, 0.00]	[-12.70, 10.18, 17.21, 12.70]	FALSE	TRUE	FALSE
[300.00, -67.62, 66.65, 0.00]	[-12.70, 10.18, 17.21, 12.70]	FALSE	TRUE	FALSE
[300.00, -65.17, 66.65, 0.00]	[-12.24, 10.16, 17.21, 12.24]	FALSE	TRUE	FALSE
[300.00, -62.72, 66.65, 0.00]	[-11.78, 10.15, 17.22, 11.78]	FALSE	TRUE	FALSE
[300.00, -60.26, 66.65, 0.00]	[-11.31, 10.13, 17.22, 11.31]	FALSE	TRUE	FALSE
[300.00, -57.81, 66.65, 0.00]	[-10.85, 10.12, 17.22, 10.85]	FALSE	TRUE	FALSE
[300.00, -55.36, 66.65, 0.00]	[-10.39, 10.10, 17.22, 10.39]	FALSE	TRUE	FALSE
[300.00, -52.91, 66.65, 0.00]	[-9.93, 10.08, 17.23, 9.93]	FALSE	TRUE	FALSE
[300.00, -50.45, 66.65, 0.00]	[-9.47, 10.07, 17.23, 9.47]	FALSE	TRUE	FALSE
[300.00, -48.00, 66.65, 0.00]	[-9.01, 10.05, 17.23, 9.01]	FALSE	TRUE	FALSE
[300.00, -45.55, 66.66, 0.00]	[-8.54, 10.04, 17.24, 8.54]	FALSE	TRUE	FALSE
[300.00, -43.10, 66.66, 0.00]	[-8.08, 10.02, 17.24, 8.08]	FALSE	TRUE	FALSE
[300.00, -40.64, 66.66, 0.00]	[-7.62, 10.00, 17.24, 7.62]	FALSE	TRUE	FALSE
[300.00, -38.19, 66.66, 0.00]	[-7.16, 9.99, 17.24, 7.16]	FALSE	TRUE	FALSE
[300.00, -35.74, 66.66, 0.00]	[-6.70, 9.97, 17.25, 6.70]	FALSE	TRUE	FALSE
[300.00, -33.29, 66.66, 0.00]	[-6.23, 9.96, 17.25, 6.23]	FALSE	TRUE	FALSE
[300.00, -30.83, 66.66, 0.00]	[-5.77, 9.94, 17.25, 5.77]	FALSE	TRUE	FALSE
[300.00, -28.38, 66.66, 0.00]	[-5.31, 9.92, 17.25, 5.31]	FALSE	TRUE	FALSE
[300.00, -25.93, 66.66, 0.00]	[-4.85, 9.91, 17.26, 4.85]	FALSE	TRUE	FALSE
[300.00, -23.48, 66.66, 0.00]	[-4.39, 9.89, 17.26, 4.39]	FALSE	TRUE	FALSE
[300.00, -21.02, 66.66, 0.00]	[-3.93, 9.88, 17.26, 3.93]	FALSE	TRUE	FALSE
[300.00, -18.57, 66.66, 0.00]	[-3.46, 9.86, 17.27, 3.46]	FALSE	TRUE	FALSE
[300.00, -16.12, 66.66, 0.00]	[-3.00, 9.84, 17.27, 3.00]	FALSE	TRUE	FALSE
[300.00, -13.67, 66.66, 0.00]	[-2.54, 9.83, 17.27, 2.54]	FALSE	TRUE	FALSE
[300.00, -11.21, 66.66, 0.00]	[-2.08, 9.81, 17.27, 2.08]	FALSE	TRUE	FALSE
[300.00, -8.76, 66.66, 0.00]	[-1.62, 9.80, 17.28, 1.62]	FALSE	TRUE	FALSE
[300.00, -6.31, 66.67, 0.00]	[-1.16, 9.78, 17.28, 1.16]	FALSE	TRUE	FALSE
[300.00, -3.86, 66.67, 0.00]	[-0.69, 9.76, 17.28, 0.69]	FALSE	TRUE	FALSE
[300.00, -1.41, 66.67, 0.00]	[-0.23, 9.75, 17.29, 0.23]	FALSE	TRUE	FALSE
[300.00, 1.05, 66.67, 0.00]	[0.23, 9.73, 17.29, -0.23]	FALSE	TRUE	FALSE
[300.00, 3.50, 66.67, 0.00]	[0.69, 9.72, 17.29, -0.69]	FALSE	TRUE	FALSE
[300.00, 5.95, 66.67, 0.00]	[1.15, 9.70, 17.29, -1.15]	FALSE	TRUE	FALSE
[300.00, 8.40, 66.67, 0.00]	[1.62, 9.68, 17.30, -1.62]	FALSE	TRUE	FALSE
[300.00, 10.86, 66.67, 0.00]	[2.08, 9.67, 17.30, -2.08]	FALSE	TRUE	FALSE
[300.00, 13.31, 66.67, 0.00]	[2.54, 9.65, 17.30, -2.54]	FALSE	TRUE	FALSE
[300.00, 15.76, 66.67, 0.00]	[3.00, 9.64, 17.31, -3.00]	FALSE	TRUE	FALSE
[300.00, 18.21, 66.67, 0.00]	[3.46, 9.62, 17.31, -3.46]	FALSE	TRUE	FALSE
[300.00, 20.67, 66.67, 0.00]	[3.92, 9.60, 17.31, -3.92]	FALSE	TRUE	FALSE
[300.00, 23.12, 66.67, 0.00]	[4.39, 9.59, 17.31, -4.39]	FALSE	TRUE	FALSE
[300.00, 25.57, 66.67, 0.00]	[4.85, 9.57, 17.32, -4.85]	FALSE	TRUE	FALSE
[300.00, 28.02, 66.67, 0.00]	[5.31, 9.56, 17.32, -5.31]	FALSE	TRUE	FALSE
[300.00, 30.48, 66.67, 0.00]	[5.77, 9.54, 17.32, -5.77]	FALSE	TRUE	FALSE
[300.00, 32.93, 66.67, 0.00]	[6.23, 9.52, 17.32, -6.23]	FALSE	TRUE	FALSE
[300.00, 35.38, 66.68, 0.00]	[6.70, 9.51, 17.33, -6.70]	FALSE	TRUE	FALSE
[300.00, 37.83, 66.68, 0.00]	[7.16, 9.49, 17.33, -7.16]	FALSE	TRUE	FALSE
[300.00, 40.29, 66.68, 0.00]	[7.62, 9.48, 17.33, -7.62]	FALSE	TRUE	FALSE
[300.00, 42.74, 66.68, 0.00]	[8.08, 9.46, 17.34, -8.08]	FALSE	TRUE	FALSE
[300.00, 45.19, 66.68, 0.00]	[8.54, 9.44, 17.34, -8.54]	FALSE	TRUE	FALSE
[300.00, 47.64, 66.68, 0.00]	[9.00, 9.43, 17.34, -9.00]	FALSE	TRUE	FALSE
[300.00, 50.10, 66.68, 0.00]	[9.47, 9.41, 17.34, -9.47]	FALSE	TRUE	FALSE
[300.00, 52.55, 66.68, 0.00]	[9.93, 9.40, 17.35, -9.93]	FALSE	TRUE	FALSE
[300.00, 55.00, 66.68, 0.00]	[10.39, 9.38, 17.35, -10.39]	FALSE	TRUE	FALSE
[300.00, 55.00, 66.68, 0.00]	[10.39, 9.38, 17.35, -10.39]	FALSE	TRUE	FALSE
[300.00, 55.00, 66.68, 0.00]	[10.39, 9.38, 17.35, -10.39]	FALSE	TRUE	FALSE
[300.00, 55.00, 66.68, 0.00]	[10.39, 9.38, 17.35, -10.39]	FALSE	TRUE	FALSE
[300.00, 55.00, 66.68, 0.00]	[10.39, 9.38, 17.35, -10.39]	FALSE	TRUE	FALSE
[300.00, 55.00, 66.68, 0.00]	[10.39, 9.38, 17.35, -10.39]	FALSE	TRUE	FALSE
[300.00, 55.00, 66.68, 0.00]	[10.39, 9.38, 17.35, -10.39]	FALSE	TRUE	FALSE
[300.00, 55.00, 66.68, 0.00]	[10.39, 9.38, 17.35, -10.39]	FALSE	TRUE	FALSE
[300.00, 55.00, 66.68, 0.00]	[10.39, 9.38, 17.35, -10.39]	FALSE	TRUE	FALSE
[300.00, 55.00, 66.68, 0.00]	[10.39, 9.38, 17.35, -10.39]	FALSE	TRUE	FALSE
[300.00, 55.00, 66.68, 0.00]	[10.39, 9.38, 17.35, -10.39]	FALSE	TRUE	FALSE
[300.01, 55.00, 64.76, 0.00]	[10.39, 9.74, 17.97, -10.39]	FALSE	TRUE	FALSE
[300.03, 55.01, 62.83, 0.00]	[10.39, 10.10, 18.60, -10.39]	FALSE	TRUE	FALSE
[300.04, 55.01, 60.91, 0.00]	[10.39, 10.47, 19.22, -10.39]	FALSE	TRUE	FALSE
[300.06, 55.01, 58.98, 0.00]	[10.39, 10.83, 19.85, -10.39]	FALSE	TRUE	FALSE
[300.07, 55.01, 57.06, 0.00]	[10.39, 11.19, 20.47, -10.39]	FALSE	TRUE	FALSE
[300.09, 55.02, 55.13, 0.00]	[10.39, 11.55, 21.10, -10.39]	FALSE	TRUE	FALSE
[300.10, 55.02, 53.21, 0.00]	[10.39, 11.91, 21.72, -10.39]	FALSE	TRUE	FALSE
[300.12, 55.02, 51.28, 0.00]	[10.39, 12.27, 22.34, -10.39]	FALSE	TRUE	FALSE
[300.13, 55.02, 49.36, 0.00]	[10.39, 12.64, 22.97, -10.39]	FALSE	TRUE	FALSE
[300.15, 55.03, 47.43, 0.00]	[10.39, 13.00, 23.59, -10.39]	FALSE	TRUE	FALSE
[300.16, 55.03, 45.51, 0.00]	[10.39, 13.36, 24.22, -10.39]	FALSE	TRUE	FALSE
[300.18, 55.03, 43.58, 0.00]	[10.39, 13.72, 24.84, -10.39]	FALSE	TRUE	FALSE
[300.19, 55.03, 41.66, 0.00]	[10.39, 14.08, 25.46, -10.39]	FALSE	TRUE	FALSE
[300.20, 55.04, 39.73, 0.00]	[10.39, 14.45, 26.09, -10.39]	FALSE	TRUE	FALSE
[300.22, 55.04, 37.81, 0.00]	[10.39, 14.81, 26.71, -10.39]	FALSE	TRUE	FALSE
[300.23, 55.04, 35.88, 0.00]	[10.39, 15.17, 27.34, -10.39]	FALSE	TRUE	FALSE
[300.25, 55.04, 33.96, 0.00]	[10.39, 15.53, 27.96, -10.39]	FALSE	TRUE	FALSE
[300.26, 55.05, 32.03, 0.00]	[10.39, 15.89, 28.59, -10.39]	FALSE	TRUE	FALSE
[300.28, 55.05, 30.11, 0.00]	[10.39, 16.25, 29.21, -10.39]	FALSE	TRUE	FALSE
[300.29, 55.05, 28.18, 0.00]	[10.39, 16.62, 29.83, -10.39]	FALSE	TRUE	FALSE
[300.31, 55.05, 26.26, 0.00]	[10.39, 16.98, 30.46, -10.39]	FALSE	TRUE	FALSE
[300.32, 55.06, 24.33, 0.00]	[10.39, 17.34, 31.08, -10.39]	FALSE	TRUE	FALSE
[300.34, 55.06, 22.41, 0.00]	[10.39, 17.70, 31.71, -10.39]	FALSE	TRUE	FALSE
[300.35, 55.06, 20.48, 0.00]	[10.39, 18.06, 32.33, -10.39]	FALSE	TRUE	FALSE
[300.37, 55.07, 18.56, 0.00]	[10.39, 18.43, 32.96, -10.39]	FALSE	TRUE	FALSE
[300.38, 55.07, 16.64, 0.00]	[10.39, 18.79, 33.58, -10.39]	FALSE	TRUE	FALSE
[300.39, 55.07, 14.71, 0.00]	[10.39, 19.15, 34.20, -10.39]	FALSE	TRUE	FALSE
[300.41, 55.07, 12.79, 0.00]	[10.39, 19.51, 34.83, -10.39]	FALSE	TRUE	FALSE
[300.42, 55.08, 10.86, 0.00]	[10.39, 19.87, 35.45, -10.39]	FALSE	TRUE	FALSE
[300.44, 55.08, 8.94, 0.00]	[10.39, 20.23, 36.08, -10.39]	FALSE	TRUE	FALSE
[300.45, 55.08, 7.01, 0.00]	[10.39, 20.60, 36.70, -10.39]	FALSE	TRUE	FALSE
[300.47, 55.08, 5.09, 0.00]	[10.39, 20.96, 37.32, -10.39]	FALSE	TRUE	FALSE
[300.48, 55.09, 3.16, 0.00]	[10.39, 21.32, 37.95, -10.39]	FALSE	TRUE	FALSE
[300.50, 55.09, 1.24, 0.00]	[10.39, 21.68, 38.57, -10.39]	FALSE	TRUE	FALSE
[300.51, 55.09, -0.69, 0.00]	[10.39, 22.04, 39.20, -10.39]	FALSE	TRUE	FALSE
[300.53, 55.09, -2.61, 0.00]	[10.39, 22.40, 39.82, -10.39]	FALSE	TRUE	FALSE
[300.54, 55.10, -4.54, 0.00]	[10.39, 22.77, 40.45, -10.39]	FALSE	TRUE	FALSE
[300.55, 55.10, -6.46, 0.00]	[10.39, 23.13, 41.07, -10.39]	FALSE	TRUE	FALSE
[300.57, 55.10, -8.39, 0.00]	[10.39, 23.49, 41.69, -10.39]	FALSE	TRUE	FALSE
[300.58, 55.10, -10.31, 0.00]	[10.39, 23.85, 42.32, -10.39]	FALSE	TRUE	FALSE
[300.60, 55.11, -12.24, 0.00]	[10.39, 24.21, 42.94, -10.39]	FALSE	TRUE	FALSE
[300.61, 55.11, -14.16, 0.00]	[10.39, 24.58, 43.57, -10.39]	FALSE	TRUE	FALSE
[300.63, 55.11, -16.09, 0.00]	[10.39, 24.94, 44.19, -10.39]	FALSE	TRUE	FALSE
[300.64, 55.11, -18.01, 0.00]	[10.39, 25.30, 44.81, -10.39]	FALSE	TRUE	FALSE
[300.66, 55.12, -19.94, 0.00]	[10.39, 25.66, 45.44, -10.39]	FALSE	TRUE	FALSE
[300.67, 55.12, -21.86, 0.00]	[10.39, 26.02, 46.06, -10.39]	FALSE	TRUE	FALSE
[300.69, 55.12, -23.79, 0.00]	[10.39, 26.38, 46.69, -10.39]	FALSE	TRUE	FALSE
[300.70, 55.12, -25.71, 0.00]	[10.39, 26.75, 47.31, -10.39]	FALSE	TRUE	FALSE
[300.72, 55.13, -27.64, 0.00]	[10.39, 27.11, 47.94, -10.39]	FALSE	TRUE	FALSE
[300.73, 55.13, -29.56, 0.00]	[10.39, 27.47, 48.56, -10.39]	FALSE	TRUE	FALSE
[300.73, 55.13, -29.56, 0.00]	[10.39, 27.47, 48.56, -10.39]	FALSE	TRUE	FALSE
[300.73, 55.13, -29.56, 0.00]	[10.39, 27.47, 48.56, -10.39]	FALSE	TRUE	FALSE
[300.73, 55.13, -29.56, 0.00]	[10.39, 27.47, 48.56, -10.39]	FALSE	TRUE	FALSE
[300.73, 55.13, -29.56, 0.00]	[10.39, 27.47, 48.56, -10.39]	FALSE	TRUE	FALSE
[300.73, 55.13, -29.56, 0.00]	[10.39, 27.47, 48.56, -10.39]	FALSE	TRUE	FALSE
[300.73, 55.13, -29.56, 0.00]	[10.39, 27.47, 48.56, -10.39]	FALSE	FALSE	FALSE
[300.73, 55.13, -29.56, 0.00]	[10.39, 27.47, 48.56, -10.39]	FALSE	FALSE	FALSE
[300.73, 55.13, -29.56, 0.00]	[10.39, 27.47, 48.56, -10.39]	FALSE	FALSE	FALSE
[300.73, 55.13, -29.56, 0.00]	[10.39, 27.47, 48.56, -10.39]	FALSE	FALSE	FALSE
[300.73, 55.13, -29.56, 0.00]	[10.39, 27.47, 48.56, -10.39]	FALSE	FALSE	FALSE
[300.72, 55.13, -27.64, 0.00]	[10.39, 27.11, 47.94, -10.39]	FALSE	FALSE	FALSE
[300.70, 55.12, -25.71, 0.00]	[10.39, 26.75, 47.31, -10.39]	FALSE	FALSE	FALSE
[300.69, 55.12, -23.79, 0.00]	[10.39, 26.38, 46.69, -10.39]	FALSE	FALSE	FALSE
[300.67, 55.12, -21.86, 0.00]	[10.39, 26.02, 46.06, -10.39]	FALSE	FALSE	FALSE
[300.66, 55.12, -19.94, 0.00]	[10.39, 25.66, 45.44, -10.39]	FALSE	FALSE	FALSE
[300.64, 55.11, -18.01, 0.00]	[10.39, 25.30, 44.81, -10.39]	FALSE	FALSE	FALSE
[300.63, 55.11, -16.09, 0.00]	[10.39, 24.94, 44.19, -10.39]	FALSE	FALSE	FALSE
[300.61, 55.11, -14.16, 0.00]	[10.39, 24.58, 43.57, -10.39]	FALSE	FALSE	FALSE
[300.60, 55.11, -12.24, 0.00]	[10.39, 24.21, 42.94, -10.39]	FALSE	FALSE	FALSE
[300.58, 55.10, -10.31, 0.00]	[10.39, 23.85, 42.32, -10.39]	FALSE	FALSE	FALSE
[300.57, 55.10, -8.39, 0.00]	[10.39, 23.49, 41.69, -10.39]	FALSE	FALSE	FALSE
[300.55, 55.10, -6.46, 0.00]	[10.39, 23.13, 41.07, -10.39]	FALSE	FALSE	FALSE
[300.54, 55.10, -4.54, 0.00]	[10.39, 22.77, 40.45, -10.39]	FALSE	FALSE	FALSE
[300.53, 55.09, -2.61, 0.00]	[10.39, 22.40, 39.82, -10.39]	FALSE	FALSE	FALSE
[300.51, 55.09, -0.69, 0.00]	[10.39, 22.04, 39.20, -10.39]	FALSE	FALSE	FALSE
[300.50, 55.09, 1.24, 0.00]	[10.39, 21.68, 38.57, -10.39]	FALSE	FALSE	FALSE
[300.48, 55.09, 3.16, 0.00]	[10.39, 21.32, 37.95, -10.39]	FALSE	FALSE	FALSE
[300.47, 55.08, 5.09, 0.00]	[10.39, 20.96, 37.32, -10.39]	FALSE	FALSE	FALSE
[300.45, 55.08, 7.01, 0.00]	[10.39, 20.60, 36.70, -10.39]	FALSE	FALSE	FALSE
[300.44, 55.08, 8.94, 0.00]	[10.39, 20.23, 36.08, -10.39]	FALSE	FALSE	FALSE
[300.42, 55.08, 10.86, 0.00]	[10.39, 19.87, 35.45, -10.39]	FALSE	FALSE	FALSE
[300.41, 55.07, 12.79, 0.00]	[10.39, 19.51, 34.83, -10.39]	FALSE	FALSE	FALSE
[300.39, 55.07, 14.71, 0.00]	[10.39, 19.15, 34.20, -10.39]	FALSE	FALSE	FALSE
[300.38, 55.07, 16.64, 0.00]	[10.39, 18.79, 33.58, -10.39]	FALSE	FALSE	FALSE
[300.37, 55.07, 18.56, 0.00]	[10.39, 18.43, 32.96, -10.39]	FALSE	FALSE	FALSE
[300.35, 55.06, 20.48, 0.00]	[10.39, 18.06, 32.33, -10.39]	FALSE	FALSE	FALSE
[300.34, 55.06, 22.41, 0.00]	[10.39, 17.70, 31.71, -10.39]	FALSE	FALSE	FALSE
[300.32, 55.06, 24.33, 0.00]	[10.39, 17.34, 31.08, -10.39]	FALSE	FALSE	FALSE
[300.31, 55.05, 26.26, 0.00]	[10.39, 16.98, 30.46, -10.39]	FALSE	FALSE	FALSE
[300.29, 55.05, 28.18, 0.00]	[10.39, 16.62, 29.83, -10.39]	FALSE	FALSE	FALSE
[300.28, 55.05, 30.11, 0.00]	[10.39, 16.25, 29.21, -10.39]	FALSE	FALSE	FALSE
[300.26, 55.05, 32.03, 0.00]	[10.39, 15.89, 28.59, -10.39]	FALSE	FALSE	FALSE
[300.25, 55.04, 33.96, 0.00]	[10.39, 15.53, 27.96, -10.39]	FALSE	FALSE	FALSE
[300.23, 55.04, 35.88, 0.00]	[10.39, 15.17, 27.34, -10.39]	FALSE	FALSE	FALSE
[300.22, 55.04, 37.81, 0.00]	[10.39, 14.81, 26.71, -10.39]	FALSE	FALSE	FALSE
[300.20, 55.04, 39.73, 0.00]	[10.39, 14.45, 26.09, -10.39]	FALSE	FALSE	FALSE
[300.19, 55.03, 41.66, 0.00]	[10.39, 14.08, 25.46, -10.39]	FALSE	FALSE	FALSE
[300.18, 55.03, 43.58, 0.00]	[10.39, 13.72, 24.84, -10.39]	FALSE	FALSE	FALSE
[300.16, 55.03, 45.51, 0.00]	[10.39, 13.36, 24.22, -10.39]	FALSE	FALSE	FALSE
[300.15, 55.03, 47.43, 0.00]	[10.39, 13.00, 23.59, -10.39]	FALSE	FALSE	FALSE
[300.13, 55.02, 49.36, 0.00]	[10.39, 12.64, 22.97, -10.39]	FALSE	FALSE	FALSE
[300.12, 55.02, 51.28, 0.00]	[10.39, 12.27, 22.34, -10.39]	FALSE	FALSE	FALSE
[300.10, 55.02, 53.21, 0.00]	[10.39, 11.91, 21.72, -10.39]	FALSE	FALSE	FALSE
[300.09, 55.02, 55.13, 0.00]	[10.39, 11.55, 21.10, -10.39]	FALSE	FALSE	FALSE
[300.07, 55.01, 57.06, 0.00]	[10.39, 11.19, 20.47, -10.39]	FALSE	FALSE	FALSE
[300.06, 55.01, 58.98, 0.00]	[10.39, 10.83, 19.85, -10.39]	FALSE	FALSE	FALSE
[300.04, 55.01, 60.91, 0.00]	[10.39, 10.47, 19.22, -10.39]	FALSE	FALSE	FALSE
[300.03, 55.01, 62.83, 0.00]	[10.39, 10.10, 18.60, -10.39]	FALSE	FALSE	FALSE
[300.01, 55.00, 64.76, 0.00]	[10.39, 9.74, 17.97, -10.39]	FALSE	FALSE	FALSE
[300.00, 55.00, 66.68, 0.00]	[10.39, 9.38, 17.35, -10.39]	FALSE	FALSE	FALSE
[300.00, 55.00, 66.68, 0.00]	[10.39, 9.38, 17.35, -10.39]	FALSE	FALSE	FALSE
[300.00, 55.00, 66.68, 0.00]	[10.39, 9.38, 17.35, -10.39]	FALSE	FALSE	FALSE
[300.00, 55.00, 66.68, 0.00]	[10.39, 9.38, 17.35, -10.39]	FALSE	FALSE	FALSE
[300.00, 55.00, 66.68, 0.00]	[10.39, 9.38, 17.35, -10.39]	FALSE	FALSE	FALSE
[300.00, 55.00, 66.68, 0.00]	[10.39, 9.38, 17.35, -10.39]	FALSE	FALSE	FALSE
[300.00, 55.00, 66.68, 0.00]	[10.39, 9.38, 17.35, -10.39]	FALSE	FALSE	FALSE
[300.00, 55.00, 66.68, 0.00]	[10.39, 9.38, 17.35, -10.39]	FALSE	FALSE	FALSE
[300.00, 55.00, 66.68, 0.00]	[10.39, 9.38, 17.35, -10.39]	FALSE	FALSE	FALSE
[300.00, 55.00, 66.68, 0.00]	[10.39, 9.38, 17.35, -10.39]	FALSE	FALSE	FALSE
[300.00, 55.00, 66.68, 0.00]	[10.39, 9.38, 17.35, -10.39]	FALSE	FALSE	FALSE
[300.00, 52.55, 66.68, 0.00]	[9.93, 9.40, 17.35, -9.93]	FALSE	FALSE	FALSE
[300.00, 50.10, 66.68, 0.00]	[9.47, 9.41, 17.34, -9.47]	FALSE	FALSE	FALSE
[300.00, 47.64, 66.68, 0.00]	[9.00, 9.43, 17.34, -9.00]	FALSE	FALSE	FALSE
[300.00, 45.19, 66.68, 0.00]	[8.54, 9.44, 17.34, -8.54]	FALSE	FALSE	FALSE
[300.00, 42.74, 66.68, 0.00]	[8.08, 9.46, 17.34, -8.08]	FALSE	FALSE	FALSE
[300.00, 40.29, 66.68, 0.00]	[7.62, 9.48, 17.33, -7.62]	FALSE	FALSE	FALSE
[300.00, 37.83, 66.68, 0.00]	[7.16, 9.49, 17.33, -7.16]	FALSE	FALSE	FALSE
[300.00, 35.38, 66.68, 0.00]	[6.70, 9.51, 17.33, -6.70]	FALSE	FALSE	FALSE
[300.00, 32.93, 66.67, 0.00]	[6.23, 9.52, 17.32, -6.23]	FALSE	FALSE	FALSE
[300.00, 30.48, 66.67, 0.00]	[5.77, 9.54, 17.32, -5.77]	FALSE	FALSE	FALSE
[300.00, 28.02, 66.67, 0.00]	[5.31, 9.56, 17.32, -5.31]	FALSE	FALSE	FALSE
[300.00, 25.57, 66.67, 0.00]	[4.85, 9.57, 17.32, -4.85]	FALSE	FALSE	FALSE
[300.00, 23.12, 66.67, 0.00]	[4.39, 9.59, 17.31, -4.39]	FALSE	FALSE	FALSE
[300.00, 20.67, 66.67, 0.00]	[3.92, 9.60, 17.31, -3.92]	FALSE	FALSE	FALSE
[300.00, 18.21, 66.67, 0.00]	[3.46, 9.62, 17.31, -3.46]	FALSE	FALSE	FALSE
[300.00, 15.76, 66.67, 0.00]	[3.00, 9.64, 17.31, -3.00]	FALSE	FALSE	FALSE
[300.00, 13.31, 66.67, 0.00]	[2.54, 9.65, 17.30, -2.54]	FALSE	FALSE	FALSE
[300.00, 10.86, 66.67, 0.00]	[2.08, 9.67, 17.30, -2.08]	FALSE	FALSE	FALSE
[300.00, 8.40, 66.67, 0.00]	[1.62, 9.68, 17.30, -1.62]	FALSE	FALSE	FALSE
[300.00, 5.95, 66.67, 0.00]	[1.15, 9.70, 17.29, -1.15]	FALSE	FALSE	FALSE
[300.00, 3.50, 66.67, 0.00]	[0.69, 9.72, 17.29, -0.69]	FALSE	FALSE	FALSE
[300.00, 1.05, 66.67, 0.00]	[0.23, 9.73, 17.29, -0.23]	FALSE	FALSE	FALSE
[300.00, -1.41, 66.67, 0.00]	[-0.23, 9.75, 17.29, 0.23]	FALSE	FALSE	FALSE
[300.00, -3.86, 66.67, 0.00]	[-0.69, 9.76, 17.28, 0.69]	FALSE	FALSE	FALSE
[300.00, -6.31, 66.67, 0.00]	[-1.16, 9.78, 17.28, 1.16]	FALSE	FALSE	FALSE
[300.00, -8.76, 66.66, 0.00]	[-1.62, 9.80, 17.28, 1.62]	FALSE	FALSE	FALSE
[300.00, -11.21, 66.66, 0.00]	[-2.08, 9.81, 17.27, 2.08]	FALSE	FALSE	FALSE
[300.00, -13.67, 66.66, 0.00]	[-2.54, 9.83, 17.27, 2.54]	FALSE	FALSE	FALSE
[300.00, -16.12, 66.66, 0.00]	[-3.00, 9.84, 17.27, 3.00]	FALSE	FALSE	FALSE
[300.00, -18.57, 66.66, 0.00]	[-3.46, 9.86, 17.27, 3.46]	FALSE	FALSE	FALSE
[300.00, -21.02, 66.66, 0.00]	[-3.93, 9.88, 17.26, 3.93]	FALSE	FALSE	FALSE
[300.00, -23.48, 66.66, 0.00]	[-4.39, 9.89, 17.26, 4.39]	FALSE	FALSE	FALSE
[300.00, -25.93, 66.66, 0.00]	[-4.85, 9.91, 17.26, 4.85]	FALSE	FALSE	FALSE
[300.00, -28.38, 66.66, 0.00]	[-5.31, 9.92, 17.25, 5.31]	FALSE	FALSE	FALSE
[300.00, -30.83, 66.66, 0.00]	[-5.77, 9.94, 17.25, 5.77]	FALSE	FALSE	FALSE
[300.00, -33.29, 66.66, 0.00]	[-6.23, 9.96, 17.25, 6.23]	FALSE	FALSE	FALSE
[300.00, -35.74, 66.66, 0.00]	[-6.70, 9.97, 17.25, 6.70]	FALSE	FALSE	FALSE
[300.00, -38.19, 66.66, 0.00]	[-7.16, 9.99, 17.24, 7.16]	FALSE	FALSE	FALSE
[300.00, -40.64, 66.66, 0.00]	[-7.62, 10.00, 17.24, 7.62]	FALSE	FALSE	FALSE
[300.00, -43.10, 66.66, 0.00]	[-8.08, 10.02, 17.24, 8.08]	FALSE	FALSE	FALSE
[300.00, -45.55, 66.66, 0.00]	[-8.54, 10.04, 17.24, 8.54]	FALSE	FALSE	FALSE
[300.00, -48.00, 66.65, 0.00]	[-9.01, 10.05, 17.23, 9.01]	FALSE	FALSE	FALSE
[300.00, -50.45, 66.65, 0.00]	[-9.47, 10.07, 17.23, 9.47]	FALSE	FALSE	FALSE
[300.00, -52.91, 66.65, 0.00]	[-9.93, 10.08, 17.23, 9.93]	FALSE	FALSE	FALSE
[300.00, -55.36, 66.65, 0.00]	[-10.39, 10.10, 17.22, 10.39]	FALSE	FALSE	FALSE
[300.00, -57.81, 66.65, 0.00]	[-10.85, 10.12, 17.22, 10.85]	FALSE	FALSE	FALSE
[300.00, -60.26, 66.65, 0.00]	[-11.31, 10.13, 17.22, 11.31]	FALSE	FALSE	FALSE
[300.00, -62.72, 66.65, 0.00]	[-11.78, 10.15, 17.22, 11.78]	FALSE	FALSE	FALSE
[300.00, -65.17, 66.65, 0.00]	[-12.24, 10.16, 17.21, 12.24]	FALSE	FALSE	FALSE
[300.00, -67.62, 66.65, 0.00]	[-12.70, 10.18, 17.21, 12.70]	FALSE	FALSE	FALSE
[300.00, -67.62, 66.65, 0.00]	[-12.70, 10.18, 17.21, 12.70]	FALSE	FALSE	FALSE
[300.00, -67.62, 66.65, 0.00]	[-12.70, 10.18, 17.21, 12.70]	FALSE	FALSE	FALSE
[300.00, -67.62, 66.65, 0.00]	[-12.70, 10.18, 17.21, 12.70]	FALSE	FALSE	FALSE
[300.00, -67.62, 66.65, 0.00]	[-12.70, 10.18, 17.21, 12.70]	FALSE	FALSE	FALSE
[300.00, -67.62, 66.65, 0.00]	[-12.70, 10.18, 17.21, 12.70]	FALSE	FALSE	FALSE
[300.00, -67.62, 66.65, 0.00]	[-12.70, 10.18, 17.21, 12.70]	FALSE	FALSE	FALSE
[300.00, -67.62, 66.65, 0.00]	[-12.70, 10.18, 17.21, 12.70]	FALSE	FALSE	FALSE
[300.00, -67.62, 66.65, 0.00]	[-12.70, 10.18, 17.21, 12.70]	FALSE	FALSE	FALSE
[300.00, -67.62, 66.65, 0.00]	[-12.70, 10.18, 17.21, 12.70]	FALSE	FALSE	FALSE
[300.00, -67.62, 66.65, 0.00]	[-12.70, 10.18, 17.21, 12.70]	FALSE	FALSE	FALSE
[300.00, -67.12, 64.66, 0.00]	[-12.61, 10.53, 17.87, 12.61]	FALSE	FALSE	FALSE
[300.01, -66.62, 62.66, 0.00]	[-12.52, 10.88, 18.52, 12.52]	FALSE	FALSE	FALSE
[300.01, -66.12, 60.67, 0.00]	[-12.42, 11.24, 19.18, 12.42]	FALSE	FALSE	FALSE
[300.01, -65.62, 58.68, 0.00]	[-12.33, 11.59, 19.84, 12.33]	FALSE	FALSE	FALSE
[300.02, -65.12, 56.68, 0.00]	[-12.24, 11.94, 20.49, 12.24]	FALSE	FALSE	FALSE
[300.02, -64.62, 54.69, 0.00]	[-12.15, 12.29, 21.15, 12.15]	FALSE	FALSE	FALSE
[300.02, -64.12, 52.70, 0.00]	[-12.05, 12.64, 21.81, 12.05]	FALSE	FALSE	FALSE
[300.02, -63.62, 50.70, 0.00]	[-11.96, 13.00, 22.46, 11.96]	FALSE	FALSE	FALSE
[300.03, -63.12, 48.71, 0.00]	[-11.87, 13.35, 23.12, 11.87]	FALSE	FALSE	FALSE
[300.03, -62.62, 46.72, 0.00]	[-11.78, 13.70, 23.78, 11.78]	FALSE	FALSE	FALSE
[300.03, -62.12, 44.72, 0.00]	[-11.68, 14.05, 24.43, 11.68]	FALSE	FALSE	FALSE
[300.04, -61.62, 42.73, 0.00]	[-11.59, 14.40, 25.09, 11.59]	FALSE	FALSE	FALSE
[300.04, -61.11, 40.74, 0.00]	[-11.50, 14.76, 25.75, 11.50]	FALSE	FALSE	FALSE
[300.04, -60.61, 38.75, 0.00]	[-11.41, 15.11, 26.40, 11.41]	FALSE	FALSE	FALSE
[300.05, -60.11, 36.75, 0.00]	[-11.31, 15.46, 27.06, 11.31]	FALSE	FALSE	FALSE
[300.05, -59.61, 34.76, 0.00]	[-11.22, 15.81, 27.72, 11.22]	FALSE	FALSE	FALSE
[300.05, -59.11, 32.77, 0.00]	[-11.13, 16.16, 28.37, 11.13]	FALSE	FALSE	FALSE
[300.05, -58.61, 30.77, 0.00]	[-11.04, 16.52, 29.03, 11.04]	FALSE	FALSE	FALSE
[300.06, -58.11, 28.78, 0.00]	[-10.94, 16.87, 29.69, 10.94]	FALSE	FALSE	FALSE
[300.06, -57.61, 26.79, 0.00]	[-10.85, 17.22, 30.34, 10.85]	FALSE	FALSE	FALSE
[300.06, -57.11, 24.79, 0.00]	[-10.76, 17.57, 31.00, 10.76]	FALSE	FALSE	FALSE
[300.07, -56.61, 22.80, 0.00]	[-10.67, 17.92, 31.66, 10.67]	FALSE	FALSE	FALSE
[300.07, -56.11, 20.81, 0.00]	[-10.57, 18.28, 32.31, 10.57]	FALSE	FALSE	FALSE
[300.07, -55.61, 18.81, 0.00]	[-10.48, 18.63, 32.97, 10.48]	FALSE	FALSE	FALSE
[300.08, -55.11, 16.82, 0.00]	[-10.39, 18.98, 33.63, 10.39]	FALSE	FALSE	FALSE
[300.08, -54.61, 14.83, 0.00]	[-10.30, 19.33, 34.28, 10.30]	FALSE	FALSE	FALSE
[300.08, -54.11, 12.83, 0.00]	[-10.21, 19.68, 34.94, 10.21]	FALSE	FALSE	FALSE
[300.08, -53.61, 10.84, 0.00]	[-10.11, 20.04, 35.59, 10.11]	FALSE	FALSE	FALSE
[300.09, -53.11, 8.85, 0.00]	[-10.02, 20.39, 36.25, 10.02]	FALSE	FALSE	FALSE
[300.09, -52.61, 6.85, 0.00]	[-9.93, 20.74, 36.91, 9.93]	FALSE	FALSE	FALSE
[300.09, -52.11, 4.86, 0.00]	[-9.84, 21.09, 37.56, 9.84]	FALSE	FALSE	FALSE
[300.10, -51.61, 2.87, 0.00]	[-9.74, 21.44, 38.22, 9.74]	FALSE	FALSE	FALSE
[300.10, -51.11, 0.87, 0.00]	[-9.65, 21.80, 38.88, 9.65]	FALSE	FALSE	FALSE
[300.10, -50.61, -1.12, 0.00]	[-9.56, 22.15, 39.53, 9.56]	FALSE	FALSE	FALSE
[300.11, -50.11, -3.11, 0.00]	[-9.47, 22.50, 40.19, 9.47]	FALSE	FALSE	FALSE
[300.11, -49.61, -5.11, 0.00]	[-9.37, 22.85, 40.85, 9.37]	FALSE	FALSE	FALSE
[300.11, -49.11, -7.10, 0.00]	[-9.28, 23.20, 41.50, 9.28]	FALSE	FALSE	FALSE
[300.11, -48.60, -9.09, 0.00]	[-9.19, 23.56, 42.16, 9.19]	FALSE	FALSE	FALSE
[300.12, -48.10, -11.08, 0.00]	[-9.10, 23.91, 42.82, 9.10]	FALSE	FALSE	FALSE
[300.12, -47.60, -13.08, 0.00]	[-9.00, 24.26, 43.47, 9.00]	FALSE	FALSE	FALSE
[300.12, -47.10, -15.07, 0.00]	[-8.91, 24.61, 44.13, 8.91]	FALSE	FALSE	FALSE
[300.13, -46.60, -17.06, 0.00]	[-8.82, 24.96, 44.79, 8.82]	FALSE	FALSE	FALSE
[300.13, -46.10, -19.06, 0.00]	[-8.73, 25.32, 45.44, 8.73]	FALSE	FALSE	FALSE
[300.13, -45.60, -21.05, 0.00]	[-8.63, 25.67, 46.10, 8.63]	FALSE	FALSE	FALSE
[300.14, -45.10, -23.04, 0.00]	[-8.54, 26.02, 46.76, 8.54]	FALSE	FALSE	FALSE
[300.14, -44.60, -25.04, 0.00]	[-8.45, 26.37, 47.41, 8.45]	FALSE	FALSE	FALSE
[300.14, -44.10, -27.03, 0.00]	[-8.36, 26.72, 48.07, 8.36]	FALSE	FALSE	FALSE
[300.14, -43.60, -29.02, 0.00]	[-8.26, 27.08, 48.73, 8.26]	FALSE	FALSE	FALSE
[300.15, -43.10, -31.02, 0.00]	[-8.17, 27.43, 49.38, 8.17]	FALSE	FALSE	FALSE
[300.15, -42.60, -33.01, 0.00]	[-8.08, 27.78, 50.04, 8.08]	FALSE	FALSE	FALSE
[300.15, -42.60, -33.01, 0.00]	[-8.08, 27.78, 50.04, 8.08]	FALSE	FALSE	FALSE
[300.15, -42.60, -33.01, 0.00]	[-8.08, 27.78, 50.04, 8.08]	FALSE	FALSE	FALSE
[300.15, -42.60, -33.01, 0.00]	[-8.08, 27.78, 50.04, 8.08]	FALSE	FALSE	FALSE
[300.15, -42.60, -33.01, 0.00]	[-8.08, 27.78, 50.04, 8.08]	FALSE	FALSE	FALSE
[300.15, -42.60, -33.01, 0.00]	[-8.08, 27.78, 50.04, 8.08]	FALSE	FALSE	FALSE
[300.15, -42.60, -33.01, 0.00]	[-8.08, 27.78, 50.04, 8.08]	FALSE	TRUE	FALSE
[300.15, -42.60, -33.01, 0.00]	[-8.08, 27.78, 50.04, 8.08]	FALSE	TRUE	FALSE
[300.15, -42.60, -33.01, 0.00]	[-8.08, 27.78, 50.04, 8.08]	FALSE	TRUE	FALSE
[300.15, -42.60, -33.01, 0.00]	[-8.08, 27.78, 50.04, 8.08]	FALSE	TRUE	FALSE
[300.15, -42.60, -33.01, 0.00]	[-8.08, 27.78, 50.04, 8.08]	FALSE	TRUE	FALSE
[300.15, -43.10, -31.02, 0.00]	[-8.17, 27.43, 49.38, 8.17]	FALSE	TRUE	FALSE
[300.14, -43.60, -29.02, 0.00]	[-8.26, 27.08, 48.73, 8.26]	FALSE	TRUE	FALSE
[300.14, -44.10, -27.03, 0.00]	[-8.36, 26.72, 48.07, 8.36]	FALSE	TRUE	FALSE
[300.14, -44.60, -25.04, 0.00]	[-8.45, 26.37, 47.41, 8.45]	FALSE	TRUE	FALSE
[300.14, -45.10, -23.04, 0.00]	[-8.54, 26.02, 46.76, 8.54]	FALSE	TRUE	FALSE
[300.13, -45.60, -21.05, 0.00]	[-8.63, 25.67, 46.10, 8.63]	FALSE	TRUE	FALSE
[300.13, -46.10, -19.06, 0.00]	[-8.73, 25.32, 45.44, 8.73]	FALSE	TRUE	FALSE
[300.13, -46.60, -17.06, 0.00]	[-8.82, 24.96, 44.79, 8.82]	FALSE	TRUE	FALSE
[300.12, -47.10, -15.07, 0.00]	[-8.91, 24.61, 44.13, 8.91]	FALSE	TRUE	FALSE
[300.12, -47.60, -13.08, 0.00]	[-9.00, 24.26, 43.47, 9.00]	FALSE	TRUE	FALSE
[300.12, -48.10, -11.08, 0.00]	[-9.10, 23.91, 42.82, 9.10]	FALSE	TRUE	FALSE
[300.11, -48.60, -9.09, 0.00]	[-9.19, 23.56, 42.16, 9.19]	FALSE	TRUE	FALSE
[300.11, -49.11, -7.10, 0.00]	[-9.28, 23.20, 41.50, 9.28]	FALSE	TRUE	FALSE
[300.11, -49.61, -5.11, 0.00]	[-9.37, 22.85, 40.85, 9.37]	FALSE	TRUE	FALSE
[300.11, -50.11, -3.11, 0.00]	[-9.47, 22.50, 40.19, 9.47]	FALSE	TRUE	FALSE
[300.10, -50.61, -1.12, 0.00]	[-9.56, 22.15, 39.53, 9.56]	FALSE	TRUE	FALSE
[300.10, -51.11, 0.87, 0.00]	[-9.65, 21.80, 38.88, 9.65]	FALSE	TRUE	FALSE
[300.10, -51.61, 2.87, 0.00]	[-9.74, 21.44, 38.22, 9.74]	FALSE	TRUE	FALSE
[300.09, -52.11, 4.86, 0.00]	[-9.84, 21.09, 37.56, 9.84]	FALSE	TRUE	FALSE
[300.09, -52.61, 6.85, 0.00]	[-9.93, 20.74, 36.91, 9.93]	FALSE	TRUE	FALSE
[300.09, -53.11, 8.85, 0.00]	[-10.02, 20.39, 36.25, 10.02]	FALSE	TRUE	FALSE
[300.08, -53.61, 10.84, 0.00]	[-10.11, 20.04, 35.59, 10.11]	FALSE	TRUE	FALSE
[300.08, -54.11, 12.83, 0.00]	[-10.21, 19.68, 34.94, 10.21]	FALSE	TRUE	FALSE
[300.08, -54.61, 14.83, 0.00]	[-10.30, 19.33, 34.28, 10.30]	FALSE	TRUE	FALSE
[300.08, -55.11, 16.82, 0.00]	[-10.39, 18.98, 33.63, 10.39]	FALSE	TRUE	FALSE
[300.07, -55.61, 18.81, 0.00]	[-10.48, 18.63, 32.97, 10.48]	FALSE	TRUE	FALSE
[300.07, -56.11, 20.81, 0.00]	[-10.57, 18.28, 32.31, 10.57]	FALSE	TRUE	FALSE
[300.07, -56.61, 22.80, 0.00]	[-10.67, 17.92, 31.66, 10.67]	FALSE	TRUE	FALSE
[300.06, -57.11, 24.79, 0.00]	[-10.76, 17.57, 31.00, 10.76]	FALSE	TRUE	FALSE
[300.06, -57.61, 26.79, 0.00]	[-10.85, 17.22, 30.34, 10.85]	FALSE	TRUE	FALSE
[300.06, -58.11, 28.78, 0.00]	[-10.94, 16.87, 29.69, 10.94]	FALSE	TRUE	FALSE
[300.05, -58.61, 30.77, 0.00]	[-11.04, 16.52, 29.03, 11.04]	FALSE	TRUE	FALSE
[300.05, -59.11, 32.77, 0.00]	[-11.13, 16.16, 28.37, 11.13]	FALSE	TRUE	FALSE
[300.05, -59.61, 34.76, 0.00]	[-11.22, 15.81, 27.72, 11.22]	FALSE	TRUE	FALSE
[300.05, -60.11, 36.75, 0.00]	[-11.31, 15.46, 27.06, 11.31]	FALSE	TRUE	FALSE
[300.04, -60.61, 38.75, 0.00]	[-11.41, 15.11, 26.40, 11.41]	FALSE	TRUE	FALSE
[300.04, -61.11, 40.74, 0.00]	[-11.50, 14.76, 25.75, 11.50]	FALSE	TRUE	FALSE
[300.04, -61.62, 42.73, 0.00]	[-11.59, 14.40, 25.09, 11.59]	FALSE	TRUE	FALSE
[300.03, -62.12, 44.72, 0.00]	[-11.68, 14.05, 24.43, 11.68]	FALSE	TRUE	FALSE
[300.03, -62.62, 46.72, 0.00]	[-11.78, 13.70, 23.78, 11.78]	FALSE	TRUE	FALSE
[300.03, -63.12, 48.71, 0.00]	[-11.87, 13.35, 23.12, 11.87]	FALSE	TRUE	FALSE
[300.02, -63.62, 50.70, 0.00]	[-11.96, 13.00, 22.46, 11.96]	FALSE	TRUE	FALSE
[300.02, -64.12, 52.70, 0.00]	[-12.05, 12.64, 21.81, 12.05]	FALSE	TRUE	FALSE
[300.02, -64.62, 54.69, 0.00]	[-12.15, 12.29, 21.15, 12.15]	FALSE	TRUE	FALSE
[300.02, -65.12, 56.68, 0.00]	[-12.24, 11.94, 20.49, 12.24]	FALSE	TRUE	FALSE
[300.01, -65.62, 58.68, 0.00]	[-12.33, 11.59, 19.84, 12.33]	FALSE	TRUE	FALSE
[300.01, -66.12, 60.67, 0.00]	[-12.42, 11.24, 19.18, 12.42]	FALSE	TRUE	FALSE
[300.01, -66.62, 62.66, 0.00]	[-12.52, 10.88, 18.52, 12.52]	FALSE	TRUE	FALSE
[300.00, -67.12, 64.66, 0.00]	[-12.61, 10.53, 17.87, 12.61]	FALSE	TRUE	FALSE
[300.00, -67.62, 66.65, 0.00]	[-12.70, 10.18, 17.21, 12.70]	FALSE	TRUE	FALSE
[300.00, -65.17, 66.65, 0.00]	[-12.24, 10.16, 17.21, 12.24]	FALSE	TRUE	FALSE
[300.00, -62.72, 66.65, 0.00]	[-11.78, 10.15, 17.22, 11.78]	FALSE	TRUE	FALSE
[300.00, -60.26, 66.65, 0.00]	[-11.31, 10.13, 17.22, 11.31]	FALSE	TRUE	FALSE
[300.00, -57.81, 66.65, 0.00]	[-10.85, 10.12, 17.22, 10.85]	FALSE	TRUE	FALSE
[300.00, -55.36, 66.65, 0.00]	[-10.39, 10.10, 17.22, 10.39]	FALSE	TRUE	FALSE
[300.00, -52.91, 66.65, 0.00]	[-9.93, 10.08, 17.23, 9.93]	FALSE	TRUE	FALSE
[300.00, -50.45, 66.65, 0.00]	[-9.47, 10.07, 17.23, 9.47]	FALSE	TRUE	FALSE
[300.00, -48.00, 66.65, 0.00]	[-9.01, 10.05, 17.23, 9.01]	FALSE	TRUE	FALSE
[300.00, -45.55, 66.66, 0.00]	[-8.54, 10.04, 17.24, 8.54]	FALSE	TRUE	FALSE
[300.00, -43.10, 66.66, 0.00]	[-8.08, 10.02, 17.24, 8.08]	FALSE	TRUE	FALSE
[300.00, -40.64, 66.66, 0.00]	[-7.62, 10.00, 17.24, 7.62]	FALSE	TRUE	FALSE
[300.00, -38.19, 66.66, 0.00]	[-7.16, 9.99, 17.24, 7.16]	FALSE	TRUE	FALSE
[300.00, -35.74, 66.66, 0.00]	[-6.70, 9.97, 17.25, 6.70]	FALSE	TRUE	FALSE
[300.00, -33.29, 66.66, 0.00]	[-6.23, 9.96, 17.25, 6.23]	FALSE	TRUE	FALSE
[300.00, -30.83, 66.66, 0.00]	[-5.77, 9.94, 17.25, 5.77]	FALSE	TRUE	FALSE
[300.00, -28.38, 66.66, 0.00]	[-5.31, 9.92, 17.25, 5.31]	FALSE	TRUE	FALSE
[300.00, -25.93, 66.66, 0.00]	[-4.85, 9.91, 17.26, 4.85]	FALSE	TRUE	FALSE
[300.00, -23.48, 66.66, 0.00]	[-4.39, 9.89, 17.26, 4.39]	FALSE	TRUE	FALSE
[300.00, -21.02, 66.66, 0.00]	[-3.93, 9.88, 17.26, 3.93]	FALSE	TRUE	FALSE
[300.00, -18.57, 66.66, 0.00]	[-3.46, 9.86, 17.27, 3.46]	FALSE	TRUE	FALSE
[300.00, -16.12, 66.66, 0.00]	[-3.00, 9.84, 17.27, 3.00]	FALSE	TRUE	FALSE
[300.00, -13.67, 66.66, 0.00]	[-2.54, 9.83, 17.27, 2.54]	FALSE	TRUE	FALSE
[300.00, -11.21, 66.66, 0.00]	[-2.08, 9.81, 17.27, 2.08]	FALSE	TRUE	FALSE
[300.00, -8.76, 66.66, 0.00]	[-1.62, 9.80, 17.28, 1.62]	FALSE	TRUE	FALSE
[300.00, -6.31, 66.67, 0.00]	[-1.16, 9.78, 17.28, 1.16]	FALSE	TRUE	FALSE
[300.00, -3.86, 66.67, 0.00]	[-0.69, 9.76, 17.28, 0.69]	FALSE	TRUE	FALSE
[300.00, -1.41, 66.67, 0.00]	[-0.23, 9.75, 17.29, 0.23]	FALSE	TRUE	FALSE
[300.00, 1.05, 66.67, 0.00]	[0.23, 9.73, 17.29, -0.23]	FALSE	TRUE	FALSE
[300.00, 3.50, 66.67, 0.00]	[0.69, 9.72, 17.29, -0.69]	FALSE	TRUE	FALSE
[300.00, 5.95, 66.67, 0.00]	[1.15, 9.70, 17.29, -1.15]	FALSE	TRUE	FALSE
[300.00, 8.40, 66.67, 0.00]	[1.62, 9.68, 17.30, -1.62]	FALSE	TRUE	FALSE
[300.00, 10.86, 66.67, 0.00]	[2.08, 9.67, 17.30, -2.08]	FALSE	TRUE	FALSE
[300.00, 13.31, 66.67, 0.00]	[2.54, 9.65, 17.30, -2.54]	FALSE	TRUE	FALSE
[300.00, 15.76, 66.67, 0.00]	[3.00, 9.64, 17.31, -3.00]	FALSE	TRUE	FALSE
[300.00, 18.21, 66.67, 0.00]	[3.46, 9.62, 17.31, -3.46]	FALSE	TRUE	FALSE
[300.00, 20.67, 66.67, 0.00]	[3.92, 9.60, 17.31, -3.92]	FALSE	TRUE	FALSE
[300.00, 23.12, 66.67, 0.00]	[4.39, 9.59, 17.31, -4.39]	FALSE	TRUE	FALSE
[300.00, 25.57, 66.67, 0.00]	[4.85, 9.57, 17.32, -4.85]	FALSE	TRUE	FALSE
[300.00, 28.02, 66.67, 0.00]	[5.31, 9.56, 17.32, -5.31]	FALSE	TRUE	FALSE
[300.00, 30.48, 66.67, 0.00]	[5.77, 9.54, 17.32, -5.77]	FALSE	TRUE	FALSE
[300.00, 32.93, 66.67, 0.00]	[6.23, 9.52, 17.32, -6.23]	FALSE	TRUE	FALSE
[300.00, 35.38, 66.68, 0.00]	[6.70, 9.51, 17.33, -6.70]	FALSE	TRUE	FALSE
[300.00, 37.83, 66.68, 0.00]	[7.16, 9.49, 17.33, -7.16]	FALSE	TRUE	FALSE
[300.00, 40.29, 66.68, 0.00]	[7.62, 9.48, 17.33, -7.62]	FALSE	TRUE	FALSE
[300.00, 42.74, 66.68, 0.00]	[8.08, 9.46, 17.34, -8.08]	FALSE	TRUE	FALSE
[300.00, 45.19, 66.68, 0.00]	[8.54, 9.44, 17.34, -8.54]	FALSE	TRUE	FALSE
[300.00, 47.64, 66.68, 0.00]	[9.00, 9.43, 17.34, -9.00]	FALSE	TRUE	FALSE
[300.00, 50.10, 66.68, 0.00]	[9.47, 9.41, 17.34, -9.47]	FALSE	TRUE	FALSE
[300.00, 52.55, 66.68, 0.00]	[9.93, 9.40, 17.35, -9.93]	FALSE	TRUE	FALSE
[300.00, 55.00, 66.68, 0.00]	[10.39, 9.38, 17.35, -10.39]	FALSE	TRUE	FALSE
[300.00, 55.00, 66.68, 0.00]	[10.39, 9.38, 17.35, -10.39]	FALSE	TRUE	FALSE
[300.00, 55.00, 66.68, 0.00]	[10.39, 9.38, 17.35, -10.39]	FALSE	TRUE	FALSE
[300.00, 55.00, 66.68, 0.00]	[10.39, 9.38, 17.35, -10.39]	FALSE	TRUE	FALSE
[300.00, 55.00, 66.68, 0.00]	[10.39, 9.38, 17.35, -10.39]	FALSE	TRUE	FALSE
[300.00, 55.00, 66.68, 0.00]	[10.39, 9.38, 17.35, -10.39]	FALSE	TRUE	FALSE
[300.00, 55.00, 66.68, 0.00]	[10.39, 9.38, 17.35, -10.39]	FALSE	TRUE	FALSE
[300.00, 55.00, 66.68, 0.00]	[10.39, 9.38, 17.35, -10.39]	FALSE	TRUE	FALSE
[300.00, 55.00, 66.68, 0.00]	[10.39, 9.38, 17.35, -10.39]	FALSE	TRUE	FALSE
[300.00, 55.00, 66.68, 0.00]	[10.39, 9.38, 17.35, -10.39]	FALSE	TRUE	FALSE
[300.00, 55.00, 66.68, 0.00]	[10.39, 9.38, 17.35, -10.39]	FALSE	TRUE	FALSE
[300.00, 55.00, 65.21, 0.00]	[10.39, 9.63, 17.83, -10.39]	FALSE	TRUE	FALSE
[300.00, 55.00, 63.74, 0.00]	[10.39, 9.87, 18.31, -10.39]	FALSE	TRUE	FALSE
[300.00, 55.00, 62.27, 0.00]	[10.39, 10.12, 18.79, -10.39]	FALSE	TRUE	FALSE
[300.00, 55.00, 60.80, 0.00]	[10.39, 10.36, 19.27, -10.39]	FALSE	TRUE	FALSE
[300.00, 55.00, 59.33, 0.00]	[10.39, 10.61, 19.76, -10.39]	FALSE	TRUE	FALSE
[300.00, 55.00, 57.86, 0.00]	[10.39, 10.85, 20.24, -10.39]	FALSE	TRUE	FALSE
[300.00, 55.00, 56.39, 0.00]	[10.39, 11.10, 20.72, -10.39]	FALSE	TRUE	FALSE
[300.00, 55.00, 54.92, 0.00]	[10.39, 11.34, 21.20, -10.39]	FALSE	TRUE	FALSE
[300.00, 55.00, 53.44, 0.00]	[10.39, 11.59, 21.68, -10.39]	FALSE	TRUE	FALSE
[300.00, 55.00, 51.97, 0.00]	[10.39, 11.83, 22.16, -10.39]	FALSE	TRUE	FALSE
[300.00, 55.00, 50.50, 0.00]	[10.39, 12.08, 22.64, -10.39]	FALSE	TRUE	FALSE
[300.00, 55.00, 49.03, 0.00]	[10.39, 12.32, 23.12, -10.39]	FALSE	TRUE	FALSE
[300.01, 55.00, 47.56, 0.00]	[10.39, 12.57, 23.60, -10.39]	FALSE	TRUE	FALSE
[300.01, 55.00, 46.09, 0.00]	[10.39, 12.81, 24.08, -10.39]	FALSE	TRUE	FALSE
[300.01, 55.00, 44.62, 0.00]	[10.39, 13.06, 24.57, -10.39]	FALSE	TRUE	FALSE
[300.01, 55.00, 43.15, 0.00]	[10.39, 13.30, 25.05, -10.39]	FALSE	TRUE	FALSE
[300.01, 55.00, 41.68, 0.00]	[10.39, 13.55, 25.53, -10.39]	FALSE	TRUE	FALSE
[300.01, 55.00, 40.21, 0.00]	[10.39, 13.79, 26.01, -10.39]	FALSE	TRUE	FALSE
[300.01, 55.00, 38.74, 0.00]	[10.39, 14.04, 26.49, -10.39]	FALSE	TRUE	FALSE
[300.01, 55.00, 37.27, 0.00]	[10.39, 14.28, 26.97, -10.39]	FALSE	TRUE	FALSE
[300.01, 55.00, 35.80, 0.00]	[10.39, 14.53, 27.45, -10.39]	FALSE	TRUE	FALSE
[300.01, 55.00, 34.33, 0.00]	[10.39, 14.77, 27.93, -10.39]	FALSE	TRUE	FALSE
[300.01, 55.00, 32.86, 0.00]	[10.39, 15.02, 28.41, -10.39]	FALSE	TRUE	FALSE
[300.01, 55.00, 31.39, 0.00]	[10.39, 15.26, 28.89, -10.39]	FALSE	TRUE	FALSE
[300.01, 55.00, 29.92, 0.00]	[10.39, 15.51, 29.38, -10.39]	FALSE	TRUE	FALSE
[300.01, 55.00, 28.44, 0.00]	[10.39, 15.75, 29.86, -10.39]	FALSE	TRUE	FALSE
[300.01, 55.00, 26.97, 0.00]	[10.39, 16.00, 30.34, -10.39]	FALSE	TRUE	FALSE
[300.01, 55.00, 25.50, 0.00]	[10.39, 16.24, 30.82, -10.39]	FALSE	TRUE	FALSE
[300.01, 55.00, 24.03, 0.00]	[10.39, 16.49, 31.30, -10.39]	FALSE	TRUE	FALSE
[300.01, 55.00, 22.56, 0.00]	[10.39, 16.73, 31.78, -10.39]	FALSE	TRUE	FALSE
[300.01, 55.00, 21.09, 0.00]	[10.39, 16.98, 32.26, -10.39]	FALSE	TRUE	FALSE
[300.01, 55.00, 19.62, 0.00]	[10.39, 17.22, 32.74, -10.39]	FALSE	TRUE	FALSE
[300.01, 55.00, 18.15, 0.00]	[10.39, 17.47, 33.22, -10.39]	FALSE	TRUE	FALSE
[300.01, 55.00, 16.68, 0.00]	[10.39, 17.71, 33.70, -10.39]	FALSE	TRUE	FALSE
[300.01, 55.00, 15.21, 0.00]	[10.39, 17.96, 34.19, -10.39]	FALSE	TRUE	FALSE
[300.01, 55.00, 13.74, 0.00]	[10.39, 18.20, 34.67, -10.39]	FALSE	TRUE	FALSE
[300.01, 55.00, 12.27, 0.00]	[10.39, 18.45, 35.15, -10.39]	FALSE	TRUE	FALSE
[300.02, 55.00, 10.80, 0.00]	[10.39, 18.69, 35.63, -10.39]	FALSE	TRUE	FALSE
[300.02, 55.00, 9.33, 0.00]	[10.39, 18.94, 36.11, -10.39]	FALSE	TRUE	FALSE
[300.02, 55.00, 7.86, 0.00]	[10.39, 19.18, 36.59, -10.39]	FALSE	TRUE	FALSE
[300.02, 55.00, 6.39, 0.00]	[10.39, 19.43, 37.07, -10.39]	FALSE	TRUE	FALSE
[300.02, 55.00, 4.91, 0.00]	[10.39, 19.67, 37.55, -10.39]	FALSE	TRUE	FALSE
[300.02, 55.00, 3.44, 0.00]	[10.39, 19.92, 38.03, -10.39]	FALSE	TRUE	FALSE
[300.02, 55.00, 1.97, 0.00]	[10.39, 20.16, 38.51, -10.39]	FALSE	TRUE	FALSE
[300.02, 55.00, 0.50, 0.00]	[10.39, 20.41, 39.00, -10.39]	FALSE	TRUE	FALSE
[300.02, 55.00, -0.97, 0.00]	[10.39, 20.65, 39.48, -10.39]	FALSE	TRUE	FALSE
[300.02, 55.00, -2.44, 0.00]	[10.39, 20.90, 39.96, -10.39]	FALSE	TRUE	FALSE
[300.02, 55.00, -3.91, 0.00]	[10.39, 21.14, 40.44, -10.39]	FALSE	TRUE	FALSE
[300.02, 55.00, -5.38, 0.00]	[10.39, 21.39, 40.92, -10.39]	FALSE	TRUE	FALSE
[300.02, 55.00, -6.85, 0.00]	[10.39, 21.63, 41.40, -10.39]	FALSE	TRUE	FALSE
[300.02, 55.00, -6.85, 0.00]	[10.39, 21.63, 41.40, -10.39]	FALSE	TRUE	FALSE
[300.02, 55.00, -6.85, 0.00]	[10.39, 21.63, 41.40, -10.39]	FALSE	TRUE	FALSE
[300.02, 55.00, -6.85, 0.00]	[10.39, 21.63, 41.40, -10.39]	FALSE	TRUE	FALSE
[300.02, 55.00, -6.85, 0.00]	[10.39, 21.63, 41.40, -10.39]	FALSE	TRUE	FALSE
[300.02, 55.00, -6.85, 0.00]	[10.39, 21.63, 41.40, -10.39]	FALSE	TRUE	FALSE
[300.02, 55.00, -6.85, 0.00]	[10.39, 21.63, 41.40, -10.39]	FALSE	FALSE	FALSE
[300.02, 55.00, -6.85, 0.00]	[10.39, 21.63, 41.40, -10.39]	FALSE	FALSE	FALSE
[300.02, 55.00, -6.85, 0.00]	[10.39, 21.63, 41.40, -10.39]	FALSE	FALSE	FALSE
[300.02, 55.00, -6.85, 0.00]	[10.39, 21.63, 41.40, -10.39]	FALSE	FALSE	FALSE
[300.02, 55.00, -6.85, 0.00]	[10.39, 21.63, 41.40, -10.39]	FALSE	FALSE	FALSE
[300.02, 55.00, -5.38, 0.00]	[10.39, 21.39, 40.92, -10.39]	FALSE	FALSE	FALSE
[300.02, 55.00, -3.91, 0.00]	[10.39, 21.14, 40.44, -10.39]	FALSE	FALSE	FALSE
[300.02, 55.00, -2.44, 0.00]	[10.39, 20.90, 39.96, -10.39]	FALSE	FALSE	FALSE
[300.02, 55.00, -0.97, 0.00]	[10.39, 20.65, 39.48, -10.39]	FALSE	FALSE	FALSE
[300.02, 55.00, 0.50, 0.00]	[10.39, 20.41, 39.00, -10.39]	FALSE	FALSE	FALSE
[300.02, 55.00, 1.97, 0.00]	[10.39, 20.16, 38.51, -10.39]	FALSE	FALSE	FALSE
[300.02, 55.00, 3.44, 0.00]	[10.39, 19.92, 38.03, -10.39]	FALSE	FALSE	FALSE
[300.02, 55.00, 4.91, 0.00]	[10.39, 19.67, 37.55, -10.39]	FALSE	FALSE	FALSE
[300.02, 55.00, 6.39, 0.00]	[10.39, 19.43, 37.07, -10.39]	FALSE	FALSE	FALSE
[300.02, 55.00, 7.86, 0.00]	[10.39, 19.18, 36.59, -10.39]	FALSE	FALSE	FALSE
[300.02, 55.00, 9.33, 0.00]	[10.39, 18.94, 36.11, -10.39]	FALSE	FALSE	FALSE
[300.02, 55.00, 10.80, 0.00]	[10.39, 18.69, 35.63, -10.39]	FALSE	FALSE	FALSE
[300.01, 55.00, 12.27, 0.00]	[10.39, 18.45, 35.15, -10.39]	FALSE	FALSE	FALSE
[300.01, 55.00, 13.74, 0.00]	[10.39, 18.20, 34.67, -10.39]	FALSE	FALSE	FALSE
[300.01, 55.00, 15.21, 0.00]	[10.39, 17.96, 34.19, -10.39]	FALSE	FALSE	FALSE
[300.01, 55.00, 16.68, 0.00]	[10.39, 17.71, 33.70, -10.39]	FALSE	FALSE	FALSE
[300.01, 55.00, 18.15, 0.00]	[10.39, 17.47, 33.22, -10.39]	FALSE	FALSE	FALSE
[300.01, 55.00, 19.62, 0.00]	[10.39, 17.22, 32.74, -10.39]	FALSE	FALSE	FALSE
[300.01, 55.00, 21.09, 0.00]	[10.39, 16.98, 32.26, -10.39]	FALSE	FALSE	FALSE
[300.01, 55.00, 22.56, 0.00]	[10.39, 16.73, 31.78, -10.39]	FALSE	FALSE	FALSE
[300.01, 55.00, 24.03, 0.00]	[10.39, 16.49, 31.30, -10.39]	FALSE	FALSE	FALSE
[300.01, 55.00, 25.50, 0.00]	[10.39, 16.24, 30.82, -10.39]	FALSE	FALSE	FALSE
[300.01, 55.00, 26.97, 0.00]	[10.39, 16.00, 30.34, -10.39]	FALSE	FALSE	FALSE
[300.01, 55.00, 28.44, 0.00]	[10.39, 15.75, 29.86, -10.39]	FALSE	FALSE	FALSE
[300.01, 55.00, 29.92, 0.00]	[10.39, 15.51, 29.38, -10.39]	FALSE	FALSE	FALSE
[300.01, 55.00, 31.39, 0.00]	[10.39, 15.26, 28.89, -10.39]	FALSE	FALSE	FALSE
[300.01, 55.00, 32.86, 0.00]	[10.39, 15.02, 28.41, -10.39]	FALSE	FALSE	FALSE
[300.01, 55.00, 34.33, 0.00]	[10.39, 14.77, 27.93, -10.39]	FALSE	FALSE	FALSE
[300.01, 55.00, 35.80, 0.00]	[10.39, 14.53, 27.45, -10.39]	FALSE	FALSE	FALSE
[300.01, 55.00, 37.27, 0.00]	[10.39, 14.28, 26.97, -10.39]	FALSE	FALSE	FALSE
[300.01, 55.00, 38.74, 0.00]	[10.39, 14.04, 26.49, -10.39]	FALSE	FALSE	FALSE
[300.01, 55.00, 40.21, 0.00]	[10.39, 13.79, 26.01, -10.39]	FALSE	FALSE	FALSE
[300.01, 55.00, 41.68, 0.00]	[10.39, 13.55, 25.53, -10.39]	FALSE	FALSE	FALSE
[300.01, 55.00, 43.15, 0.00]	[10.39, 13.30, 25.05, -10.39]	FALSE	FALSE	FALSE
[300.01, 55.00, 44.62, 0.00]	[10.39, 13.06, 24.57, -10.39]	FALSE	FALSE	FALSE
[300.01, 55.00, 46.09, 0.00]	[10.39, 12.81, 24.08, -10.39]	FALSE	FALSE	FALSE
[300.01, 55.00, 47.56, 0.00]	[10.39, 12.57, 23.60, -10.39]	FALSE	FALSE	FALSE
[300.00, 55.00, 49.03, 0.00]	[10.39, 12.32, 23.12, -10.39]	FALSE	FALSE	FALSE
[300.00, 55.00, 50.50, 0.00]	[10.39, 12.08, 22.64, -10.39]	FALSE	FALSE	FALSE
[300.00, 55.00, 51.97, 0.00]	[10.39, 11.83, 22.16, -10.39]	FALSE	FALSE	FALSE
[300.00, 55.00, 53.44, 0.00]	[10.39, 11.59, 21.68, -10.39]	FALSE	FALSE	FALSE
[300.00, 55.00, 54.92, 0.00]	[10.39, 11.34, 21.20, -10.39]	FALSE	FALSE	FALSE
[300.00, 55.00, 56.39, 0.00]	[10.39, 11.10, 20.72, -10.39]	FALSE	FALSE	FALSE
[300.00, 55.00, 57.86, 0.00]	[10.39, 10.85, 20.24, -10.39]	FALSE	FALSE	FALSE
[300.00, 55.00, 59.33, 0.00]	[10.39, 10.61, 19.76, -10.39]	FALSE	FALSE	FALSE
[300.00, 55.00, 60.80, 0.00]	[10.39, 10.36, 19.27, -10.39]	FALSE	FALSE	FALSE
[300.00, 55.00, 62.27, 0.00]	[10.39, 10.12, 18.79, -10.39]	FALSE	FALSE	FALSE
[300.00, 55.00, 63.74, 0.00]	[10.39, 9.87, 18.31, -10.39]	FALSE	FALSE	FALSE
[300.00, 55.00, 65.21, 0.00]	[10.39, 9.63, 17.83, -10.39]	FALSE	FALSE	FALSE
[300.00, 55.00, 66.68, 0.00]	[10.39, 9.38, 17.35, -10.39]	FALSE	FALSE	FALSE
[300.00, 55.00, 66.68, 0.00]	[10.39, 9.38, 17.35, -10.39]	FALSE	FALSE	FALSE
[300.00, 55.00, 66.68, 0.00]	[10.39, 9.38, 17.35, -10.39]	FALSE	FALSE	FALSE
[300.00, 55.00, 66.68, 0.00]	[10.39, 9.38, 17.35, -10.39]	FALSE	FALSE	FALSE
[300.00, 55.00, 66.68, 0.00]	[10.39, 9.38, 17.35, -10.39]	FALSE	FALSE	FALSE
[300.00, 55.00, 66.68, 0.00]	[10.39, 9.38, 17.35, -10.39]	FALSE	FALSE	FALSE
[300.00, 55.00, 66.68, 0.00]	[10.39, 9.38, 17.35, -10.39]	FALSE	FALSE	FALSE
[300.00, 55.00, 66.68, 0.00]	[10.39, 9.38, 17.35, -10.39]	FALSE	FALSE	FALSE
[300.00, 55.00, 66.68, 0.00]	[10.39, 9.38, 17.35, -10.39]	FALSE	FALSE	FALSE
[300.00, 55.00, 66.68, 0.00]	[10.39, 9.38, 17.35, -10.39]	FALSE	FALSE	FALSE
[300.00, 55.00, 66.68, 0.00]	[10.39, 9.38, 17.35, -10.39]	FALSE	FALSE	FALSE
[300.00, 52.55, 66.68, 0.00]	[9.93, 9.40, 17.35, -9.93]	FALSE	FALSE	FALSE
[300.00, 50.10, 66.68, 0.00]	[9.47, 9.41, 17.34, -9.47]	FALSE	FALSE	FALSE
[300.00, 47.64, 66.68, 0.00]	[9.00, 9.43, 17.34, -9.00]	FALSE	FALSE	FALSE
[300.00, 45.19, 66.68, 0.00]	[8.54, 9.44, 17.34, -8.54]	FALSE	FALSE	FALSE
[300.00, 42.74, 66.68, 0.00]	[8.08, 9.46, 17.34, -8.08]	FALSE	FALSE	FALSE
[300.00, 40.29, 66.68, 0.00]	[7.62, 9.48, 17.33, -7.62]	FALSE	FALSE	FALSE
[300.00, 37.83, 66.68, 0.00]	[7.16, 9.49, 17.33, -7.16]	FALSE	FALSE	FALSE
[300.00, 35.38, 66.68, 0.00]	[6.70, 9.51, 17.33, -6.70]	FALSE	FALSE	FALSE
[300.00, 32.93, 66.67, 0.00]	[6.23, 9.52, 17.32, -6.23]	FALSE	FALSE	FALSE
[300.00, 30.48, 66.67, 0.00]	[5.77, 9.54, 17.32, -5.77]	FALSE	FALSE	FALSE
[300.00, 28.02, 66.67, 0.00]	[5.31, 9.56, 17.32, -5.31]	FALSE	FALSE	FALSE
[300.00, 25.57, 66.67, 0.00]	[4.85, 9.57, 17.32, -4.85]	FALSE	FALSE	FALSE
[300.00, 23.12, 66.67, 0.00]	[4.39, 9.59, 17.31, -4.39]	FALSE	FALSE	FALSE
[300.00, 20.67, 66.67, 0.00]	[3.92, 9.60, 17.31, -3.92]	FALSE	FALSE	FALSE
[300.00, 18.21, 66.67, 0.00]	[3.46, 9.62, 17.31, -3.46]	FALSE	FALSE	FALSE
[300.00, 15.76, 66.67, 0.00]	[3.00, 9.64, 17.31, -3.00]	FALSE	FALSE	FALSE
[300.00, 13.31, 66.67, 0.00]	[2.54, 9.65, 17.30, -2.54]	FALSE	FALSE	FALSE
[300.00, 10.86, 66.67, 0.00]	[2.08, 9.67, 17.30, -2.08]	FALSE	FALSE	FALSE
[300.00, 8.40, 66.67, 0.00]	[1.62, 9.68, 17.30, -1.62]	FALSE	FALSE	FALSE
[300.00, 5.95, 66.67, 0.00]	[1.15, 9.70, 17.29, -1.15]	FALSE	FALSE	FALSE
[300.00, 3.50, 66.67, 0.00]	[0.69, 9.72, 17.29, -0.69]	FALSE	FALSE	FALSE
[300.00, 1.05, 66.67, 0.00]	[0.23, 9.73, 17.29, -0.23]	FALSE	FALSE	FALSE
[300.00, -1.41, 66.67, 0.00]	[-0.23, 9.75, 17.29, 0.23]	FALSE	FALSE	FALSE
[300.00, -3.86, 66.67, 0.00]	[-0.69, 9.76, 17.28, 0.69]	FALSE	FALSE	FALSE
[300.00, -6.31, 66.67, 0.00]	[-1.16, 9.78, 17.28, 1.16]	FALSE	FALSE	FALSE
[300.00, -8.76, 66.66, 0.00]	[-1.62, 9.80, 17.28, 1.62]	FALSE	FALSE	FALSE
[300.00, -11.21, 66.66, 0.00]	[-2.08, 9.81, 17.27, 2.08]	FALSE	FALSE	FALSE
[300.00, -13.67, 66.66, 0.00]	[-2.54, 9.83, 17.27, 2.54]	FALSE	FALSE	FALSE
[300.00, -16.12, 66.66, 0.00]	[-3.00, 9.84, 17.27, 3.00]	FALSE	FALSE	FALSE
[300.00, -18.57, 66.66, 0.00]	[-3.46, 9.86, 17.27, 3.46]	FALSE	FALSE	FALSE
[300.00, -21.02, 66.66, 0.00]	[-3.93, 9.88, 17.26, 3.93]	FALSE	FALSE	FALSE
[300.00, -23.48, 66.66, 0.00]	[-4.39, 9.89, 17.26, 4.39]	FALSE	FALSE	FALSE
[300.00, -25.93, 66.66, 0.00]	[-4.85, 9.91, 17.26, 4.85]	FALSE	FALSE	FALSE
[300.00, -28.38, 66.66, 0.00]	[-5.31, 9.92, 17.25, 5.31]	FALSE	FALSE	FALSE
[300.00, -30.83, 66.66, 0.00]	[-5.77, 9.94, 17.25, 5.77]	FALSE	FALSE	FALSE
[300.00, -33.29, 66.66, 0.00]	[-6.23, 9.96, 17.25, 6.23]	FALSE	FALSE	FALSE
[300.00, -35.74, 66.66, 0.00]	[-6.70, 9.97, 17.25, 6.70]	FALSE	FALSE	FALSE
[300.00, -38.19, 66.66, 0.00]	[-7.16, 9.99, 17.24, 7.16]	FALSE	FALSE	FALSE
[300.00, -40.64, 66.66, 0.00]	[-7.62, 10.00, 17.24, 7.62]	FALSE	FALSE	FALSE
[300.00, -43.10, 66.66, 0.00]	[-8.08, 10.02, 17.24, 8.08]	FALSE	FALSE	FALSE
[300.00, -45.55, 66.66, 0.00]	[-8.54, 10.04, 17.24, 8.54]	FALSE	FALSE	FALSE
[300.00, -48.00, 66.65, 0.00]	[-9.01, 10.05, 17.23, 9.01]	FALSE	FALSE	FALSE
[300.00, -50.45, 66.65, 0.00]	[-9.47, 10.07, 17.23, 9.47]	FALSE	FALSE	FALSE
[300.00, -52.91, 66.65, 0.00]	[-9.93, 10.08, 17.23, 9.93]	FALSE	FALSE	FALSE
[300.00, -55.36, 66.65, 0.00]	[-10.39, 10.10, 17.22, 10.39]	FALSE	FALSE	FALSE
[300.00, -57.81, 66.65, 0.00]	[-10.85, 10.12, 17.22, 10.85]	FALSE	FALSE	FALSE
[300.00, -60.26, 66.65, 0.00]	[-11.31, 10.13, 17.22, 11.31]	FALSE	FALSE	FALSE
[300.00, -62.72, 66.65, 0.00]	[-11.78, 10.15, 17.22, 11.78]	FALSE	FALSE	FALSE
[300.00, -65.17, 66.65, 0.00]	[-12.24, 10.16, 17.21, 12.24]	FALSE	FALSE	FALSE
[300.00, -67.62, 66.65, 0.00]	[-12.70, 10.18, 17.21, 12.70]	FALSE	FALSE	FALSE
[300.00, -66.61, 64.65, 0.00]	[-12.51, 10.52, 17.88, 12.51]	FALSE	FALSE	FALSE
[300.00, -65.60, 62.64, 0.00]	[-12.32, 10.86, 18.55, 12.32]	FALSE	FALSE	FALSE
[300.00, -64.59, 60.64, 0.00]	[-12.13, 11.21, 19.21, 12.13]	FALSE	FALSE	FALSE
[300.00, -63.58, 58.64, 0.00]	[-11.95, 11.55, 19.88, 11.95]	FALSE	FALSE	FALSE
[300.00, -62.57, 56.63, 0.00]	[-11.76, 11.89, 20.55, 11.76]	FALSE	FALSE	FALSE
[300.00, -61.56, 54.63, 0.00]	[-11.57, 12.23, 21.22, 11.57]	FALSE	FALSE	FALSE
[300.00, -60.55, 52.63, 0.00]	[-11.38, 12.58, 21.89, 11.38]	FALSE	FALSE	FALSE
[300.00, -59.54, 50.62, 0.00]	[-11.19, 12.92, 22.56, 11.19]	FALSE	FALSE	FALSE
[300.00, -58.53, 48.62, 0.00]	[-11.00, 13.26, 23.22, 11.00]	FALSE	FALSE	FALSE
[300.00, -57.52, 46.62, 0.00]	[-10.81, 13.60, 23.89, 10.81]	FALSE	FALSE	FALSE
[300.00, -56.51, 44.61, 0.00]	[-10.63, 13.95, 24.56, 10.63]	FALSE	FALSE	FALSE
[300.00, -55.50, 42.61, 0.00]	[-10.44, 14.29, 25.23, 10.44]	FALSE	FALSE	FALSE
[300.00, -54.50, 40.61, 0.00]	[-10.25, 14.63, 25.90, 10.25]	FALSE	FALSE	FALSE
[300.00, -53.49, 38.61, 0.00]	[-10.06, 14.97, 26.56, 10.06]	FALSE	FALSE	FALSE
[300.00, -52.48, 36.60, 0.00]	[-9.87, 15.32, 27.23, 9.87]	FALSE	FALSE	FALSE
[300.00, -51.47, 34.60, 0.00]	[-9.68, 15.66, 27.90, 9.68]	FALSE	FALSE	FALSE
[300.00, -50.46, 32.60, 0.00]	[-9.49, 16.00, 28.57, 9.49]	FALSE	FALSE	FALSE
[300.00, -49.45, 30.59, 0.00]	[-9.31, 16.34, 29.24, 9.31]	FALSE	FALSE	FALSE
[300.00, -48.44, 28.59, 0.00]	[-9.12, 16.69, 29.91, 9.12]	FALSE	FALSE	FALSE
[300.00, -47.43, 26.59, 0.00]	[-8.93, 17.03, 30.57, 8.93]	FALSE	FALSE	FALSE
[300.00, -46.42, 24.58, 0.00]	[-8.74, 17.37, 31.24, 8.74]	FALSE	FALSE	FALSE
[300.00, -45.41, 22.58, 0.00]	[-8.55, 17.71, 31.91, 8.55]	FALSE	FALSE	FALSE
[300.00, -44.40, 20.58, 0.00]	[-8.36, 18.06, 32.58, 8.36]	FALSE	FALSE	FALSE
[300.00, -43.39, 18.57, 0.00]	[-8.17, 18.40, 33.25, 8.17]	FALSE	FALSE	FALSE
[300.00, -42.38, 16.57, 0.00]	[-7.99, 18.74, 33.92, 7.99]	FALSE	FALSE	FALSE
[300.00, -41.37, 14.57, 0.00]	[-7.80, 19.08, 34.58, 7.80]	FALSE	FALSE	FALSE
[300.00, -40.36, 12.56, 0.00]	[-7.61, 19.42, 35.25, 7.61]	FALSE	FALSE	FALSE
[300.00, -39.35, 10.56, 0.00]	[-7.42, 19.77, 35.92, 7.42]	FALSE	FALSE	FALSE
[300.00, -38.34, 8.56, 0.00]	[-7.23, 20.11, 36.59, 7.23]	FALSE	FALSE	FALSE
[300.00, -37.33, 6.55, 0.00]	[-7.04, 20.45, 37.26, 7.04]	FALSE	FALSE	FALSE
[300.00, -36.32, 4.55, 0.00]	[-6.85, 20.79, 37.92, 6.85]	FALSE	FALSE	FALSE
[300.00, -35.31, 2.55, 0.00]	[-6.66, 21.14, 38.59, 6.66]	FALSE	FALSE	FALSE
[300.00, -34.30, 0.54, 0.00]	[-6.48, 21.48, 39.26, 6.48]	FALSE	FALSE	FALSE
[300.00, -33.29, -1.46, 0.00]	[-6.29, 21.82, 39.93, 6.29]	FALSE	FALSE	FALSE
[300.00, -32.28, -3.46, 0.00]	[-6.10, 22.16, 40.60, 6.10]	FALSE	FALSE	FALSE
[300.00, -31.27, -5.47, 0.00]	[-5.91, 22.51, 41.27, 5.91]	FALSE	FALSE	FALSE
[300.00, -30.26, -7.47, 0.00]	[-5.72, 22.85, 41.93, 5.72]	FALSE	FALSE	FALSE
[300.00, -29.26, -9.47, 0.00]	[-5.53, 23.19, 42.60, 5.53]	FALSE	FALSE	FALSE
[300.00, -28.25, -11.47, 0.00]	[-5.34, 23.53, 43.27, 5.34]	FALSE	FALSE	FALSE
[300.00, -27.24, -13.48, 0.00]	[-5.16, 23.88, 43.94, 5.16]	FALSE	FALSE	FALSE
[300.00, -26.23, -15.48, 0.00]	[-4.97, 24.22, 44.61, 4.97]	FALSE	FALSE	FALSE
[300.00, -25.22, -17.48, 0.00]	[-4.78, 24.56, 45.27, 4.78]	FALSE	FALSE	FALSE
[300.00, -24.21, -19.49, 0.00]	[-4.59, 24.90, 45.94, 4.59]	FALSE	FALSE	FALSE
[300.00, -23.20, -21.49, 0.00]	[-4.40, 25.25, 46.61, 4.40]	FALSE	FALSE	FALSE
[300.00, -22.19, -23.49, 0.00]	[-4.21, 25.59, 47.28, 4.21]	FALSE	FALSE	FALSE
[300.00, -21.18, -25.50, 0.00]	[-4.02, 25.93, 47.95, 4.02]	FALSE	FALSE	FALSE
[300.00, -20.17, -27.50, 0.00]	[-3.84, 26.27, 48.62, 3.84]	FALSE	FALSE	FALSE
[300.00, -19.16, -29.50, 0.00]	[-3.65, 26.62, 49.28, 3.65]	FALSE	FALSE	FALSE
[300.00, -18.15, -31.51, 0.00]	[-3.46, 26.96, 49.95, 3.46]	FALSE	FALSE	FALSE
[300.00, -17.14, -33.51, 0.00]	[-3.27, 27.30, 50.62, 3.27]	FALSE	FALSE	FALSE
[300.00, -17.14, -33.51, 0.00]	[-3.27, 27.30, 50.62, 3.27]	FALSE	FALSE	FALSE
[300.00, -17.14, -33.51, 0.00]	[-3.27, 27.30, 50.62, 3.27]	FALSE	FALSE	FALSE
[300.00, -17.14, -33.51, 0.00]	[-3.27, 27.30, 50.62, 3.27]	FALSE	FALSE	FALSE
[300.00, -17.14, -33.51, 0.00]	[-3.27, 27.30, 50.62, 3.27]	FALSE	FALSE	FALSE
[300.00, -17.14, -33.51, 0.00]	[-3.27, 27.30, 50.62, 3.27]	FALSE	FALSE	FALSE
[300.00, -17.14, -33.51, 0.00]	[-3.27, 27.30, 50.62, 3.27]	FALSE	TRUE	FALSE
[300.00, -17.14, -33.51, 0.00]	[-3.27, 27.30, 50.62, 3.27]	FALSE	TRUE	FALSE
[300.00, -17.14, -33.51, 0.00]	[-3.27, 27.30, 50.62, 3.27]	FALSE	TRUE	FALSE
[300.00, -17.14, -33.51, 0.00]	[-3.27, 27.30, 50.62, 3.27]	FALSE	TRUE	FALSE
[300.00, -17.14, -33.51, 0.00]	[-3.27, 27.30, 50.62, 3.27]	FALSE	TRUE	FALSE
[300.00, -18.15, -31.51, 0.00]	[-3.46, 26.96, 49.95, 3.46]	FALSE	TRUE	FALSE
[300.00, -19.16, -29.50, 0.00]	[-3.65, 26.62, 49.28, 3.65]	FALSE	TRUE	FALSE
[300.00, -20.17, -27.50, 0.00]	[-3.84, 26.27, 48.62, 3.84]	FALSE	TRUE	FALSE
[300.00, -21.18, -25.50, 0.00]	[-4.02, 25.93, 47.95, 4.02]	FALSE	TRUE	FALSE
[300.00, -22.19, -23.49, 0.00]	[-4.21, 25.59, 47.28, 4.21]	FALSE	TRUE	FALSE
[300.00, -23.20, -21.49, 0.00]	[-4.40, 25.25, 46.61, 4.40]	FALSE	TRUE	FALSE
[300.00, -24.21, -19.49, 0.00]	[-4.59, 24.90, 45.94, 4.59]	FALSE	TRUE	FALSE
[300.00, -25.22, -17.48, 0.00]	[-4.78, 24.56, 45.27, 4.78]	FALSE	TRUE	FALSE
[300.00, -26.23, -15.48, 0.00]	[-4.97, 24.22, 44.61, 4.97]	FALSE	TRUE	FALSE
[300.00, -27.24, -13.48, 0.00]	[-5.16, 23.88, 43.94, 5.16]	FALSE	TRUE	FALSE
[300.00, -28.25, -11.47, 0.00]	[-5.34, 23.53, 43.27, 5.34]	FALSE	TRUE	FALSE
[300.00, -29.26, -9.47, 0.00]	[-5.53, 23.19, 42.60, 5.53]	FALSE	TRUE	FALSE
[300.00, -30.26, -7.47, 0.00]	[-5.72, 22.85, 41.93, 5.72]	FALSE	TRUE	FALSE
[300.00, -31.27, -5.47, 0.00]	[-5.91, 22.51, 41.27, 5.91]	FALSE	TRUE	FALSE
[300.00, -32.28, -3.46, 0.00]	[-6.10, 22.16, 40.60, 6.10]	FALSE	TRUE	FALSE
[300.00, -33.29, -1.46, 0.00]	[-6.29, 21.82, 39.93, 6.29]	FALSE	TRUE	FALSE
[300.00, -34.30, 0.54, 0.00]	[-6.48, 21.48, 39.26, 6.48]	FALSE	TRUE	FALSE
[300.00, -35.31, 2.55, 0.00]	[-6.66, 21.14, 38.59, 6.66]	FALSE	TRUE	FALSE
[300.00, -36.32, 4.55, 0.00]	[-6.85, 20.79, 37.92, 6.85]	FALSE	TRUE	FALSE
[300.00, -37.33, 6.55, 0.00]	[-7.04, 20.45, 37.26, 7.04]	FALSE	TRUE	FALSE
[300.00, -38.34, 8.56, 0.00]	[-7.23, 20.11, 36.59, 7.23]	FALSE	TRUE	FALSE
[300.00, -39.35, 10.56, 0.00]	[-7.42, 19.77, 35.92, 7.42]	FALSE	TRUE	FALSE
[300.00, -40.36, 12.56, 0.00]	[-7.61, 19.42, 35.25, 7.61]	FALSE	TRUE	FALSE
[300.00, -41.37, 14.57, 0.00]	[-7.80, 19.08, 34.58, 7.80]	FALSE	TRUE	FALSE
[300.00, -42.38, 16.57, 0.00]	[-7.99, 18.74, 33.92, 7.99]	FALSE	TRUE	FALSE
[300.00, -43.39, 18.57, 0.00]	[-8.17, 18.40, 33.25, 8.17]	FALSE	TRUE	FALSE
[300.00, -44.40, 20.58, 0.00]	[-8.36, 18.06, 32.58, 8.36]	FALSE	TRUE	FALSE
[300.00, -45.41, 22.58, 0.00]	[-8.55, 17.71, 31.91, 8.55]	FALSE	TRUE	FALSE
[300.00, -46.42, 24.58, 0.00]	[-8.74, 17.37, 31.24, 8.74]	FALSE	TRUE	FALSE
[300.00, -47.43, 26.59, 0.00]	[-8.93, 17.03, 30.57, 8.93]	FALSE	TRUE	FALSE
[300.00, -48.44, 28.59, 0.00]	[-9.12, 16.69, 29.91, 9.12]	FALSE	TRUE	FALSE
[300.00, -49.45, 30.59, 0.00]	[-9.31, 16.34, 29.24, 9.31]	FALSE	TRUE	FALSE
[300.00, -50.46, 32.60, 0.00]	[-9.49, 16.00, 28.57, 9.49]	FALSE	TRUE	FALSE
[300.00, -51.47, 34.60, 0.00]	[-9.68, 15.66, 27.90, 9.68]	FALSE	TRUE	FALSE
[300.00, -52.48, 36.60, 0.00]	[-9.87, 15.32, 27.23, 9.87]	FALSE	TRUE	FALSE
[300.00, -53.49, 38.61, 0.00]	[-10.06, 14.97, 26.56, 10.06]	FALSE	TRUE	FALSE
[300.00, -54.50, 40.61, 0.00]	[-10.25, 14.63, 25.90, 10.25]	FALSE	TRUE	FALSE
[300.00, -55.50, 42.61, 0.00]	[-10.44, 14.29, 25.23, 10.44]	FALSE	TRUE	FALSE
[300.00, -56.51, 44.61, 0.00]	[-10.63, 13.95, 24.56, 10.63]	FALSE	TRUE	FALSE
[300.00, -57.52, 46.62, 0.00]	[-10.81, 13.60, 23.89, 10.81]	FALSE	TRUE	FALSE
[300.00, -58.53, 48.62, 0.00]	[-11.00, 13.26, 23.22, 11.00]	FALSE	TRUE	FALSE
[300.00, -59.54, 50.62, 0.00]	[-11.19, 12.92, 22.56, 11.19]	FALSE	TRUE	FALSE
[300.00, -60.55, 52.63, 0.00]	[-11.38, 12.58, 21.89, 11.38]	FALSE	TRUE	FALSE
[300.00, -61.56, 54.63, 0.00]	[-11.57, 12.23, 21.22, 11.57]	FALSE	TRUE	FALSE
[300.00, -62.57, 56.63, 0.00]	[-11.76, 11.89, 20.55, 11.76]	FALSE	TRUE	FALSE
[300.00, -63.58, 58.64, 0.00]	[-11.95, 11.55, 19.88, 11.95]	FALSE	TRUE	FALSE
[300.00, -64.59, 60.64, 0.00]	[-12.13, 11.21, 19.21, 12.13]	FALSE	TRUE	FALSE
[300.00, -65.60, 62.64, 0.00]	[-12.32, 10.86, 18.55, 12.32]	FALSE	TRUE	FALSE
[300.00, -66.61, 64.65, 0.00]	[-12.51, 10.52, 17.88, 12.51]	FALSE	TRUE	FALSE
[300.00, -67.62, 66.65, 0.00]	[-12.70, 10.18, 17.21, 12.70]	FALSE	TRUE	FALSE
[300.00, -67.62, 66.65, 0.00]	[-12.70, 10.18, 17.21, 12.70]	FALSE	TRUE	FALSE
[300.00, -67.62, 66.65, 0.00]	[-12.70, 10.18, 17.21, 12.70]	FALSE	TRUE	FALSE
[300.00, -67.62, 66.65, 0.00]	[-12.70, 10.18, 17.21, 12.70]	FALSE	TRUE	FALSE
[300.00, -67.62, 66.65, 0.00]	[-12.70, 10.18, 17.21, 12.70]	FALSE	TRUE	FALSE
[300.00, -67.62, 66.65, 0.00]	[-12.70, 10.18, 17.21, 12.70]	FALSE	TRUE	FALSE
[300.00, -67.62, 66.65, 0.00]	[-12.70, 10.18, 17.21, 12.70]	FALSE	TRUE	FALSE
[300.00, -67.62, 66.65, 0.00]	[-12.70, 10.18, 17.21, 12.70]	FALSE	TRUE	FALSE
[300.00, -67.62, 66.65, 0.00]	[-12.70, 10.18, 17.21, 12.70]	FALSE	TRUE	FALSE
[300.00, -67.62, 66.65, 0.00]	[-12.70, 10.18, 17.21, 12.70]	FALSE	TRUE	FALSE
[300.00, -67.62, 66.65, 0.00]	[-12.70, 10.18, 17.21, 12.70]	FALSE	TRUE	FALSE
[300.00, -65.17, 65.69, 0.00]	[-12.24, 10.30, 17.53, 12.24]	FALSE	TRUE	FALSE
[300.00, -62.72, 64.73, 0.00]	[-11.78, 10.42, 17.85, 11.78]	FALSE	TRUE	FALSE
[300.00, -60.26, 63.76, 0.00]	[-11.31, 10.55, 18.16, 11.31]	FALSE	TRUE	FALSE
[300.00, -57.81, 62.80, 0.00]	[-10.85, 10.67, 18.48, 10.85]	FALSE	TRUE	FALSE
[300.00, -55.36, 61.84, 0.00]	[-10.39, 10.79, 18.80, 10.39]	FALSE	TRUE	FALSE
[300.00, -52.91, 60.88, 0.00]	[-9.93, 10.91, 19.12, 9.93]	FALSE	TRUE	FALSE
[300.00, -50.45, 59.92, 0.00]	[-9.47, 11.04, 19.44, 9.47]	FALSE	TRUE	FALSE
[300.00, -48.00, 58.96, 0.00]	[-9.01, 11.16, 19.75, 9.01]	FALSE	TRUE	FALSE
[300.00, -45.55, 57.99, 0.00]	[-8.54, 11.28, 20.07, 8.54]	FALSE	TRUE	FALSE
[300.00, -43.10, 57.03, 0.00]	[-8.08, 11.40, 20.39, 8.08]	FALSE	TRUE	FALSE
[300.00, -40.64, 56.07, 0.00]	[-7.62, 11.52, 20.71, 7.62]	FALSE	TRUE	FALSE
[300.00, -38.19, 55.11, 0.00]	[-7.16, 11.65, 21.03, 7.16]	FALSE	TRUE	FALSE
[300.00, -35.74, 54.15, 0.00]	[-6.70, 11.77, 21.34, 6.70]	FALSE	TRUE	FALSE
[300.00, -33.29, 53.18, 0.00]	[-6.23, 11.89, 21.66, 6.23]	FALSE	TRUE	FALSE
[300.00, -30.83, 52.22, 0.00]	[-5.77, 12.01, 21.98, 5.77]	FALSE	TRUE	FALSE
[300.00, -28.38, 51.26, 0.00]	[-5.31, 12.14, 22.30, 5.31]	FALSE	TRUE	FALSE
[300.00, -25.93, 50.30, 0.00]	[-4.85, 12.26, 22.62, 4.85]	FALSE	TRUE	FALSE
[300.00, -23.48, 49.34, 0.00]	[-4.39, 12.38, 22.93, 4.39]	FALSE	TRUE	FALSE
[300.00, -21.02, 48.38, 0.00]	[-3.93, 12.50, 23.25, 3.93]	FALSE	TRUE	FALSE
[300.00, -18.57, 47.41, 0.00]	[-3.46, 12.62, 23.57, 3.46]	FALSE	TRUE	FALSE
[300.00, -16.12, 46.45, 0.00]	[-3.00, 12.75, 23.89, 3.00]	FALSE	TRUE	FALSE
[300.00, -13.67, 45.49, 0.00]	[-2.54, 12.87, 24.21, 2.54]	FALSE	TRUE	FALSE
[300.00, -11.21, 44.53, 0.00]	[-2.08, 12.99, 24.52, 2.08]	FALSE	TRUE	FALSE
[300.00, -8.76, 43.57, 0.00]	[-1.62, 13.11, 24.84, 1.62]	FALSE	TRUE	FALSE
[300.01, -6.31, 42.61, 0.00]	[-1.16, 13.24, 25.16, 1.16]	FALSE	TRUE	FALSE
[300.01, -3.86, 41.64, 0.00]	[-0.69, 13.36, 25.48, 0.69]	FALSE	TRUE	FALSE
[300.01, -1.41, 40.68, 0.00]	[-0.23, 13.48, 25.80, 0.23]	FALSE	TRUE	FALSE
[300.01, 1.05, 39.72, 0.00]	[0.23, 13.60, 26.11, -0.23]	FALSE	TRUE	FALSE
[300.01, 3.50, 38.76, 0.00]	[0.69, 13.72, 26.43, -0.69]	FALSE	TRUE	FALSE
[300.01, 5.95, 37.80, 0.00]	[1.15, 13.85, 26.75, -1.15]	FALSE	TRUE	FALSE
[300.01, 8.40, 36.83, 0.00]	[1.62, 13.97, 27.07, -1.62]	FALSE	TRUE	FALSE
[300.01, 10.86, 35.87, 0.00]	[2.08, 14.09, 27.39, -2.08]	FALSE	TRUE	FALSE
[300.01, 13.31, 34.91, 0.00]	[2.54, 14.21, 27.70, -2.54]	FALSE	TRUE	FALSE
[300.01, 15.76, 33.95, 0.00]	[3.00, 14.33, 28.02, -3.00]	FALSE	TRUE	FALSE
[300.01, 18.21, 32.99, 0.00]	[3.46, 14.46, 28.34, -3.46]	FALSE	TRUE	FALSE
[300.01, 20.67, 32.03, 0.00]	[3.92, 14.58, 28.66, -3.92]	FALSE	TRUE	FALSE
[300.01, 23.12, 31.06, 0.00]	[4.39, 14.70, 28.98, -4.39]	FALSE	TRUE	FALSE
[300.01, 25.57, 30.10, 0.00]	[4.85, 14.82, 29.29, -4.85]	FALSE	TRUE	FALSE
[300.01, 28.02, 29.14, 0.00]	[5.31, 14.95, 29.61, -5.31]	FALSE	TRUE	FALSE
[300.01, 30.48, 28.18, 0.00]	[5.77, 15.07, 29.93, -5.77]	FALSE	TRUE	FALSE
[300.01, 32.93, 27.22, 0.00]	[6.23, 15.19, 30.25, -6.23]	FALSE	TRUE	FALSE
[300.01, 35.38, 26.25, 0.00]	[6.70, 15.31, 30.57, -6.70]	FALSE	TRUE	FALSE
[300.01, 37.83, 25.29, 0.00]	[7.16, 15.43, 30.88, -7.16]	FALSE	TRUE	FALSE
[300.01, 40.29, 24.33, 0.00]	[7.62, 15.56, 31.20, -7.62]	FALSE	TRUE	FALSE
[300.01, 42.74, 23.37, 0.00]	[8.08, 15.68, 31.52, -8.08]	FALSE	TRUE	FALSE
[300.01, 45.19, 22.41, 0.00]	[8.54, 15.80, 31.84, -8.54]	FALSE	TRUE	FALSE
[300.01, 47.64, 21.45, 0.00]	[9.00, 15.92, 32.16, -9.00]	FALSE	TRUE	FALSE
[300.01, 50.10, 20.48, 0.00]	[9.47, 16.05, 32.47, -9.47]	FALSE	TRUE	FALSE
[300.01, 52.55, 19.52, 0.00]	[9.93, 16.17, 32.79, -9.93]	FALSE	TRUE	FALSE
[300.01, 55.00, 18.56, 0.00]	[10.39, 16.29, 33.11, -10.39]	FALSE	TRUE	FALSE
[300.01, 55.00, 18.56, 0.00]	[10.39, 16.29, 33.11, -10.39]	FALSE	TRUE	FALSE
[300.01, 55.00, 18.56, 0.00]	[10.39, 16.29, 33.11, -10.39]	FALSE	TRUE	FALSE
[300.01, 55.00, 18.56, 0.00]	[10.39, 16.29, 33.11, -10.39]	FALSE	TRUE	FALSE
[300.01, 55.00, 18.56, 0.00]	[10.39, 16.29, 33.11, -10.39]	FALSE	TRUE	FALSE
[300.01, 55.00, 18.56, 0.00]	[10.39, 16.29, 33.11, -10.39]	FALSE	TRUE	FALSE
[300.01, 55.00, 18.56, 0.00]	[10.39, 16.29, 33.11, -10.39]	FALSE	FALSE	FALSE
[300.01, 55.00, 18.56, 0.00]	[10.39, 16.29, 33.11, -10.39]	FALSE	FALSE	FALSE
[300.01, 55.00, 18.56, 0.00]	[10.39, 16.29, 33.11, -10.39]	FALSE	FALSE	FALSE
[300.01, 55.00, 18.56, 0.00]	[10.39, 16.29, 33.11, -10.39]	FALSE	FALSE	FALSE
[300.01, 55.00, 18.56, 0.00]	[10.39, 16.29, 33.11, -10.39]	FALSE	FALSE	FALSE
[300.01, 55.00, 19.52, 0.00]	[10.39, 16.15, 32.79, -10.39]	FALSE	FALSE	FALSE
[300.01, 55.00, 20.48, 0.00]	[10.39, 16.01, 32.48, -10.39]	FALSE	FALSE	FALSE
[300.01, 55.00, 21.45, 0.00]	[10.39, 15.88, 32.16, -10.39]	FALSE	FALSE	FALSE
[300.01, 55.00, 22.41, 0.00]	[10.39, 15.74, 31.85, -10.39]	FALSE	FALSE	FALSE
[300.01, 55.00, 23.37, 0.00]	[10.39, 15.60, 31.53, -10.39]	FALSE	FALSE	FALSE
[300.01, 55.00, 24.33, 0.00]	[10.39, 15.46, 31.22, -10.39]	FALSE	FALSE	FALSE
[300.01, 55.00, 25.30, 0.00]	[10.39, 15.32, 30.90, -10.39]	FALSE	FALSE	FALSE
[300.01, 55.00, 26.26, 0.00]	[10.39, 15.18, 30.59, -10.39]	FALSE	FALSE	FALSE
[300.01, 55.00, 27.22, 0.00]	[10.39, 15.05, 30.27, -10.39]	FALSE	FALSE	FALSE
[300.01, 55.00, 28.18, 0.00]	[10.39, 14.91, 29.96, -10.39]	FALSE	FALSE	FALSE
[300.01, 55.00, 29.15, 0.00]	[10.39, 14.77, 29.64, -10.39]	FALSE	FALSE	FALSE
[300.01, 55.00, 30.11, 0.00]	[10.39, 14.63, 29.33, -10.39]	FALSE	FALSE	FALSE
[300.01, 55.00, 31.07, 0.00]	[10.39, 14.49, 29.01, -10.39]	FALSE	FALSE	FALSE
[300.01, 55.00, 32.03, 0.00]	[10.39, 14.36, 28.70, -10.39]	FALSE	FALSE	FALSE
[300.01, 55.00, 33.00, 0.00]	[10.39, 14.22, 28.38, -10.39]	FALSE	FALSE	FALSE
[300.01, 55.00, 33.96, 0.00]	[10.39, 14.08, 28.07, -10.39]	FALSE	FALSE	FALSE
[300.01, 55.00, 34.92, 0.00]	[10.39, 13.94, 27.75, -10.39]	FALSE	FALSE	FALSE
[300.01, 55.00, 35.88, 0.00]	[10.39, 13.80, 27.44, -10.39]	FALSE	FALSE	FALSE
[300.01, 55.00, 36.85, 0.00]	[10.39, 13.66, 27.12, -10.39]	FALSE	FALSE	FALSE
[300.01, 55.00, 37.81, 0.00]	[10.39, 13.53, 26.81, -10.39]	FALSE	FALSE	FALSE
[300.01, 55.00, 38.77, 0.00]	[10.39, 13.39, 26.49, -10.39]	FALSE	FALSE	FALSE
[300.01, 55.00, 39.73, 0.00]	[10.39, 13.25, 26.18, -10.39]	FALSE	FALSE	FALSE
[300.01, 55.00, 40.70, 0.00]	[10.39, 13.11, 25.86, -10.39]	FALSE	FALSE	FALSE
[300.01, 55.00, 41.66, 0.00]	[10.39, 12.97, 25.55, -10.39]	FALSE	FALSE	FALSE
[300.01, 55.00, 42.62, 0.00]	[10.39, 12.84, 25.23, -10.39]	FALSE	FALSE	FALSE
[300.00, 55.00, 43.58, 0.00]	[10.39, 12.70, 24.91, -10.39]	FALSE	FALSE	FALSE
[300.00, 55.00, 44.54, 0.00]	[10.39, 12.56, 24.60, -10.39]	FALSE	FALSE	FALSE
[300.00, 55.00, 45.51, 0.00]	[10.39, 12.42, 24.28, -10.39]	FALSE	FALSE	FALSE
[300.00, 55.00, 46.47, 0.00]	[10.39, 12.28, 23.97, -10.39]	FALSE	FALSE	FALSE
[300.00, 55.00, 47.43, 0.00]	[10.39, 12.14, 23.65, -10.39]	FALSE	FALSE	FALSE
[300.00, 55.00, 48.39, 0.00]	[10.39, 12.01, 23.34, -10.39]	FALSE	FALSE	FALSE
[300.00, 55.00, 49.36, 0.00]	[10.39, 11.87, 23.02, -10.39]	FALSE	FALSE	FALSE
[300.00, 55.00, 50.32, 0.00]	[10.39, 11.73, 22.71, -10.39]	FALSE	FALSE	FALSE
[300.00, 55.00, 51.28, 0.00]	[10.39, 11.59, 22.39, -10.39]	FALSE	FALSE	FALSE
[300.00, 55.00, 52.24, 0.00]	[10.39, 11.45, 22.08, -10.39]	FALSE	FALSE	FALSE
[300.00, 55.00, 53.21, 0.00]	[10.39, 11.31, 21.76, -10.39]	FALSE	FALSE	FALSE
[300.00, 55.00, 54.17, 0.00]	[10.39, 11.18, 21.45, -10.39]	FALSE	FALSE	FALSE
[300.00, 55.00, 55.13, 0.00]	[10.39, 11.04, 21.13, -10.39]	FALSE	FALSE	FALSE
[300.00, 55.00, 56.09, 0.00]	[10.39, 10.90, 20.82, -10.39]	FALSE	FALSE	FALSE
[300.00, 55.00, 57.06, 0.00]	[10.39, 10.76, 20.50, -10.39]	FALSE	FALSE	FALSE
[300.00, 55.00, 58.02, 0.00]	[10.39, 10.62, 20.19, -10.39]	FALSE	FALSE	FALSE
[300.00, 55.00, 58.98, 0.00]	[10.39, 10.49, 19.87, -10.39]	FALSE	FALSE	FALSE
[300.00, 55.00, 59.94, 0.00]	[10.39, 10.35, 19.56, -10.39]	FALSE	FALSE	FALSE
[300.00, 55.00, 60.91, 0.00]	[10.39, 10.21, 19.24, -10.39]	FALSE	FALSE	FALSE
[300.00, 55.00, 61.87, 0.00]	[10.39, 10.07, 18.93, -10.39]	FALSE	FALSE	FALSE
[300.00, 55.00, 62.83, 0.00]	[10.39, 9.93, 18.61, -10.39]	FALSE	FALSE	FALSE
[300.00, 55.00, 63.79, 0.00]	[10.39, 9.79, 18.30, -10.39]	FALSE	FALSE	FALSE
[300.00, 55.00, 64.76, 0.00]	[10.39, 9.66, 17.98, -10.39]	FALSE	FALSE	FALSE
[300.00, 55.00, 65.72, 0.00]	[10.39, 9.52, 17.67, -10.39]	FALSE	FALSE	FALSE
[300.00, 55.00, 66.68, 0.00]	[10.39, 9.38, 17.35, -10.39]	FALSE	FALSE	FALSE
[300.00, 52.55, 66.68, 0.00]	[9.93, 9.40, 17.35, -9.93]	FALSE	FALSE	FALSE
[300.00, 50.10, 66.68, 0.00]	[9.47, 9.41, 17.34, -9.47]	FALSE	FALSE	FALSE
[300.00, 47.64, 66.68, 0.00]	[9.00, 9.43, 17.34, -9.00]	FALSE	FALSE	FALSE
[300.00, 45.19, 66.68, 0.00]	[8.54, 9.44, 17.34, -8.54]	FALSE	FALSE	FALSE
[300.00, 42.74, 66.68, 0.00]	[8.08, 9.46, 17.34, -8.08]	FALSE	FALSE	FALSE
[300.00, 40.29, 66.68, 0.00]	[7.62, 9.48, 17.33, -7.62]	FALSE	FALSE	FALSE
[300.00, 37.83, 66.68, 0.00]	[7.16, 9.49, 17.33, -7.16]	FALSE	FALSE	FALSE
[300.00, 35.38, 66.68, 0.00]	[6.70, 9.51, 17.33, -6.70]	FALSE	FALSE	FALSE
[300.00, 32.93, 66.67, 0.00]	[6.23, 9.52, 17.32, -6.23]	FALSE	FALSE	FALSE
[300.00, 30.48, 66.67, 0.00]	[5.77, 9.54, 17.32, -5.77]	FALSE	FALSE	FALSE
[300.00, 28.02, 66.67, 0.00]	[5.31, 9.56, 17.32, -5.31]	FALSE	FALSE	FALSE
[300.00, 25.57, 66.67, 0.00]	[4.85, 9.57, 17.32, -4.85]	FALSE	FALSE	FALSE
[300.00, 23.12, 66.67, 0.00]	[4.39, 9.59, 17.31, -4.39]	FALSE	FALSE	FALSE
[300.00, 20.67, 66.67, 0.00]	[3.92, 9.60, 17.31, -3.92]	FALSE	FALSE	FALSE
[300.00, 18.21, 66.67, 0.00]	[3.46, 9.62, 17.31, -3.46]	FALSE	FALSE	FALSE
[300.00, 15.76, 66.67, 0.00]	[3.00, 9.64, 17.31, -3.00]	FALSE	FALSE	FALSE
[300.00, 13.31, 66.67, 0.00]	[2.54, 9.65, 17.30, -2.54]	FALSE	FALSE	FALSE
[300.00, 10.86, 66.67, 0.00]	[2.08, 9.67, 17.30, -2.08]	FALSE	FALSE	FALSE
[300.00, 8.40, 66.67, 0.00]	[1.62, 9.68, 17.30, -1.62]	FALSE	FALSE	FALSE
[300.00, 5.95, 66.67, 0.00]	[1.15, 9.70, 17.29, -1.15]	FALSE	FALSE	FALSE
[300.00, 3.50, 66.67, 0.00]	[0.69, 9.72, 17.29, -0.69]	FALSE	FALSE	FALSE
[300.00, 1.05, 66.67, 0.00]	[0.23, 9.73, 17.29, -0.23]	FALSE	FALSE	FALSE
[300.00, -1.41, 66.67, 0.00]	[-0.23, 9.75, 17.29, 0.23]	FALSE	FALSE	FALSE
[300.00, -3.86, 66.67, 0.00]	[-0.69, 9.76, 17.28, 0.69]	FALSE	FALSE	FALSE
[300.00, -6.31, 66.67, 0.00]	[-1.16, 9.78, 17.28, 1.16]	FALSE	FALSE	FALSE
[300.00, -8.76, 66.66, 0.00]	[-1.62, 9.80, 17.28, 1.62]	FALSE	FALSE	FALSE
[300.00, -11.21, 66.66, 0.00]	[-2.08, 9.81, 17.27, 2.08]	FALSE	FALSE	FALSE
[300.00, -13.67, 66.66, 0.00]	[-2.54, 9.83, 17.27, 2.54]	FALSE	FALSE	FALSE
[300.00, -16.12, 66.66, 0.00]	[-3.00, 9.84, 17.27, 3.00]	FALSE	FALSE	FALSE
[300.00, -18.57, 66.66, 0.00]	[-3.46, 9.86, 17.27, 3.46]	FALSE	FALSE	FALSE
[300.00, -21.02, 66.66, 0.00]	[-3.93, 9.88, 17.26, 3.93]	FALSE	FALSE	FALSE
[300.00, -23.48, 66.66, 0.00]	[-4.39, 9.89, 17.26, 4.39]	FALSE	FALSE	FALSE
[300.00, -25.93, 66.66, 0.00]	[-4.85, 9.91, 17.26, 4.85]	FALSE	FALSE	FALSE
[300.00, -28.38, 66.66, 0.00]	[-5.31, 9.92, 17.25, 5.31]	FALSE	FALSE	FALSE
[300.00, -30.83, 66.66, 0.00]	[-5.77, 9.94, 17.25, 5.77]	FALSE	FALSE	FALSE
[300.00, -33.29, 66.66, 0.00]	[-6.23, 9.96, 17.25, 6.23]	FALSE	FALSE	FALSE
[300.00, -35.74, 66.66, 0.00]	[-6.70, 9.97, 17.25, 6.70]	FALSE	FALSE	FALSE
[300.00, -38.19, 66.66, 0.00]	[-7.16, 9.99, 17.24, 7.16]	FALSE	FALSE	FALSE
[300.00, -40.64, 66.66, 0.00]	[-7.62, 10.00, 17.24, 7.62]	FALSE	FALSE	FALSE
[300.00, -43.10, 66.66, 0.00]	[-8.08, 10.02, 17.24, 8.08]	FALSE	FALSE	FALSE
[300.00, -45.55, 66.66, 0.00]	[-8.54, 10.04, 17.24, 8.54]	FALSE	FALSE	FALSE
[300.00, -48.00, 66.65, 0.00]	[-9.01, 10.05, 17.23, 9.01]	FALSE	FALSE	FALSE
[300.00, -50.45, 66.65, 0.00]	[-9.47, 10.07, 17.23, 9.47]	FALSE	FALSE	FALSE
[300.00, -52.91, 66.65, 0.00]	[-9.93, 10.08, 17.23, 9.93]	FALSE	FALSE	FALSE
[300.00, -55.36, 66.65, 0.00]	[-10.39, 10.10, 17.22, 10.39]	FALSE	FALSE	FALSE
[300.00, -57.81, 66.65, 0.00]	[-10.85, 10.12, 17.22, 10.85]	FALSE	FALSE	FALSE
[300.00, -60.26, 66.65, 0.00]	[-11.31, 10.13, 17.22, 11.31]	FALSE	FALSE	FALSE
[300.00, -62.72, 66.65, 0.00]	[-11.78, 10.15, 17.22, 11.78]	FALSE	FALSE	FALSE
[300.00, -65.17, 66.65, 0.00]	[-12.24, 10.16, 17.21, 12.24]	FALSE	FALSE	FALSE
[300.00, -67.62, 66.65, 0.00]	[-12.70, 10.18, 17.21, 12.70]	FALSE	FALSE	FALSE
[300.00, -67.62, 66.65, 0.00]	[-12.70, 10.18, 17.21, 12.70]	FALSE	FALSE	FALSE
[300.00, -67.62, 66.65, 0.00]	[-12.70, 10.18, 17.21, 12.70]	FALSE	FALSE	FALSE
[300.00, -67.62, 66.65, 0.00]	[-12.70, 10.18, 17.21, 12.70]	FALSE	FALSE	FALSE
[300.00, -67.62, 66.65, 0.00]	[-12.70, 10.18, 17.21, 12.70]	FALSE	FALSE	FALSE
[300.00, -67.62, 66.65, 0.00]	[-12.70, 10.18, 17.21, 12.70]	FALSE	FALSE	FALSE
[300.00, -67.62, 66.65, 0.00]	[-12.70, 10.18, 17.21, 12.70]	FALSE	FALSE	FALSE
[300.00, -67.62, 66.65, 0.00]	[-12.70, 10.18, 17.21, 12.70]	FALSE	FALSE	FALSE
[300.00, -67.62, 66.65, 0.00]	[-12.70, 10.18, 17.21, 12.70]	FALSE	FALSE	FALSE
[300.00, -67.62, 66.65, 0.00]	[-12.70, 10.18, 17.21, 12.70]	FALSE	FALSE	FALSE
[300.00, -67.62, 66.65, 0.00]	[-12.70, 10.18, 17.21, 12.70]	FALSE	FALSE	FALSE
[300.00, -67.62, 66.65, 0.00]	[-12.70, 10.18, 17.21, 12.70]	FALSE	FALSE	FALSE
[300.00, -67.62, 66.65, 0.00]	[-12.70, 10.18, 17.21, 12.70]	FALSE	FALSE	FALSE
[300.00, -67.62, 66.65, 0.00]	[-12.70, 10.18, 17.21, 12.70]	FALSE	FALSE	FALSE
[300.00, -67.62, 66.65, 0.00]	[-12.70, 10.18, 17.21, 12.70]	FALSE	FALSE	FALSE
[300.00, -67.62, 66.65, 0.00]	[-12.70, 10.18, 17.21, 12.70]	FALSE	FALSE	FALSE
[300.00, -67.62, 66.65, 0.00]	[-12.70, 10.18, 17.21, 12.70]	FALSE	FALSE	FALSE
[300.00, -67.62, 66.65, 0.00]	[-12.70, 10.18, 17.21, 12.70]	FALSE	FALSE	FALSE
[300.00, -67.62, 66.65, 0.00]	[-12.70, 10.18, 17.21, 12.70]	FALSE	FALSE	FALSE
[300.00, -67.62, 66.65, 0.00]	[-12.70, 10.18, 17.21, 12.70]	FALSE	FALSE	FALSE
[300.00, -67.62, 66.65, 0.00]	[-12.70, 10.18, 17.21, 12.70]	FALSE	FALSE	FALSE
[300.00, -67.62, 66.65, 0.00]	[-12.70, 10.18, 17.21, 12.70]	FALSE	FALSE	FALSE
[300.00, -67.62, 66.65, 0.00]	[-12.70, 10.18, 17.21, 12.70]	FALSE	FALSE	FALSE
[300.00, -67.62, 66.65, 0.00]	[-12.70, 10.18, 17.21, 12.70]	FALSE	FALSE	FALSE
[300.00, -67.62, 66.65, 0.00]	[-12.70, 10.18, 17.21, 12.70]	FALSE	FALSE	FALSE
[300.00, -67.62, 66.65, 0.00]	[-12.70, 10.18, 17.21, 12.70]	FALSE	FALSE	FALSE
[300.00, -67.62, 66.65, 0.00]	[-12.70, 10.18, 17.21, 12.70]	FALSE	FALSE	FALSE
[300.00, -67.62, 66.65, 0.00]	[-12.70, 10.18, 17.21, 12.70]	FALSE	FALSE	FALSE
[300.00, -67.62, 66.65, 0.00]	[-12.70, 10.18, 17.21, 12.70]	FALSE	FALSE	FALSE
[300.00, -67.62, 66.65, 0.00]	[-12.70, 10.18, 17.21, 12.70]	FALSE	FALSE	FALSE
[300.00, -67.62, 66.65, 0.00]	[-12.70, 10.18, 17.21, 12.70]	FALSE	FALSE	FALSE
[300.00, -67.62, 66.65, 0.00]	[-12.70, 10.18, 17.21, 12.70]	FALSE	FALSE	FALSE
[300.00, -67.62, 66.65, 0.00]	[-12.70, 10.18, 17.21, 12.70]	FALSE	FALSE	FALSE
[300.00, -67.62, 66.65, 0.00]	[-12.70, 10.18, 17.21, 12.70]	FALSE	FALSE	FALSE
[300.00, -67.62, 66.65, 0.00]	[-12.70, 10.18, 17.21, 12.70]	FALSE	FALSE	FALSE
[300.00, -67.62, 66.65, 0.00]	[-12.70, 10.18, 17.21, 12.70]	FALSE	FALSE	FALSE
[300.00, -67.62, 66.65, 0.00]	[-12.70, 10.18, 17.21, 12.70]	FALSE	FALSE	FALSE
[300.00, -67.62, 66.65, 0.00]	[-12.70, 10.18, 17.21, 12.70]	FALSE	FALSE	FALSE
[300.00, -67.62, 66.65, 0.00]	[-12.70, 10.18, 17.21, 12.70]	FALSE	FALSE	FALSE
[300.00, -67.62, 66.65, 0.00]	[-12.70, 10.18, 17.21, 12.70]	FALSE	FALSE	FALSE
[300.00, -67.62, 66.65, 0.00]	[-12.70, 10.18, 17.21, 12.70]	FALSE	FALSE	FALSE
[300.00, -67.62, 66.65, 0.00]	[-12.70, 10.18, 17.21, 12.70]	FALSE	FALSE	FALSE
[300.00, -67.62, 66.65, 0.00]	[-12.70, 10.18, 17.21, 12.70]	FALSE	FALSE	FALSE
[300.00, -67.62, 66.65, 0.00]	[-12.70, 10.18, 17.21, 12.70]	FALSE	FALSE	FALSE
[300.00, -67.62, 66.65, 0.00]	[-12.70, 10.18, 17.21, 12.70]	FALSE	FALSE	FALSE
[300.00, -67.62, 66.65, 0.00]	[-12.70, 10.18, 17.21, 12.70]	FALSE	FALSE	FALSE
[300.00, -67.62, 66.65, 0.00]	[-12.70, 10.18, 17.21, 12.70]	FALSE	FALSE	FALSE
[300.00, -67.62, 66.65, 0.00]	[-12.70, 10.18, 17.21, 12.70]	FALSE	FALSE	FALSE
[300.00, -67.62, 66.65, 0.00]	[-12.70, 10.18, 17.21, 12.70]	FALSE	FALSE	FALSE
[300.00, -67.62, 66.65, 0.00]	[-12.70, 10.18, 17.21, 12.70]	FALSE	FALSE	FALSE
[300.00, -67.62, 66.65, 0.00]	[-12.70, 10.18, 17.21, 12.70]	FALSE	FALSE	FALSE
[300.00, -67.62, 66.65, 0.00]	[-12.70, 10.18, 17.21, 12.70]	FALSE	FALSE	FALSE
[300.00, -67.62, 66.65, 0.00]	[-12.70, 10.18, 17.21, 12.70]	FALSE	FALSE	FALSE
[300.00, -67.62, 66.65, 0.00]	[-12.70, 10.18, 17.21, 12.70]	FALSE	FALSE	FALSE
[300.00, -67.62, 66.65, 0.00]	[-12.70, 10.18, 17.21, 12.70]	FALSE	FALSE	FALSE
[300.00, -67.62, 66.65, 0.00]	[-12.70, 10.18, 17.21, 12.70]	FALSE	FALSE	FALSE
[300.00, -67.62, 66.65, 0.00]	[-12.70, 10.18, 17.21, 12.70]	FALSE	FALSE	FALSE
[300.00, -67.62, 66.65, 0.00]	[-12.70, 10.18, 17.21, 12.70]	FALSE	FALSE	FALSE
[300.00, -67.62, 66.65, 0.00]	[-12.70, 10.18, 17.21, 12.70]	FALSE	FALSE	FALSE
[300.00, -67.62, 66.65, 0.00]	[-12.70, 10.18, 17.21, 12.70]	FALSE	FALSE	FALSE
[300.00, -67.62, 66.65, 0.00]	[-12.70, 10.18, 17.21, 12.70]	FALSE	FALSE	FALSE
[300.00, -67.62, 66.65, 0.00]	[-12.70, 10.18, 17.21, 12.70]	FALSE	FALSE	FALSE
[300.00, -67.62, 66.65, 0.00]	[-12.70, 10.18, 17.21, 12.70]	FALSE	FALSE	FALSE
[300.00, -67.62, 66.65, 0.00]	[-12.70, 10.18, 17.21, 12.70]	FALSE	FALSE	FALSE
[300.00, -67.62, 66.65, 0.00]	[-12.70, 10.18, 17.21, 12.70]	FALSE	FALSE	FALSE
[300.00, -67.62, 66.65, 0.00]	[-12.70, 10.18, 17.21, 12.70]	FALSE	FALSE	FALSE
[300.00, -67.62, 66.65, 0.00]	[-12.70, 10.18, 17.21, 12.70]	FALSE	FALSE	FALSE
[300.00, -67.62, 66.65, 0.00]	[-12.70, 10.18, 17.21, 12.70]	FALSE	FALSE	FALSE
[300.00, -67.62, 66.65, 0.00]	[-12.70, 10.18, 17.21, 12.70]	FALSE	FALSE	FALSE
[300.00, -67.62, 66.65, 0.00]	[-12.70, 10.18, 17.21, 12.70]	FALSE	FALSE	FALSE
[300.00, -67.62, 66.65, 0.00]	[-12.70, 10.18, 17.21, 12.70]	FALSE	FALSE	FALSE
[300.00, -67.62, 66.65, 0.00]	[-12.70, 10.18, 17.21, 12.70]	FALSE	FALSE	FALSE
[300.00, -67.62, 66.65, 0.00]	[-12.70, 10.18, 17.21, 12.70]	FALSE	FALSE	FALSE
[300.00, -67.62, 66.65, 0.00]	[-12.70, 10.18, 17.21, 12.70]	FALSE	FALSE	FALSE
[300.00, -67.62, 66.65, 0.00]	[-12.70, 10.18, 17.21, 12.70]	FALSE	FALSE	FALSE
[300.00, -67.62, 66.65, 0.00]	[-12.70, 10.18, 17.21, 12.70]	FALSE	FALSE	FALSE
[300.00, -67.62, 66.65, 0.00]	[-12.70, 10.18, 17.21, 12.70]	FALSE	FALSE	FALSE
[300.00, -67.62, 66.65, 0.00]	[-12.70, 10.18, 17.21, 12.70]	FALSE	FALSE	FALSE
[300.00, -67.62, 66.65, 0.00]	[-12.70, 10.18, 17.21, 12.70]	FALSE	FALSE	FALSE
[300.00, -67.62, 66.65, 0.00]	[-12.70, 10.18, 17.21, 12.70]	FALSE	FALSE	FALSE
[300.00, -67.62, 66.65, 0.00]	[-12.70, 10.18, 17.21, 12.70]	FALSE	FALSE	FALSE
[300.00, -67.62, 66.65, 0.00]	[-12.70, 10.18, 17.21, 12.70]	FALSE	FALSE	FALSE
[300.00, -67.62, 66.65, 0.00]	[-12.70, 10.18, 17.21, 12.70]	FALSE	FALSE	FALSE
[300.00, -67.62, 66.65, 0.00]	[-12.70, 10.18, 17.21, 12.70]	FALSE	FALSE	FALSE
[300.00, -67.62, 66.65, 0.00]	[-12.70, 10.18, 17.21, 12.70]	FALSE	FALSE	FALSE
[300.00, -67.62, 66.65, 0.00]	[-12.70, 10.18, 17.21, 12.70]	FALSE	FALSE	FALSE
[300.00, -67.62, 66.65, 0.00]	[-12.70, 10.18, 17.21, 12.70]	FALSE	FALSE	FALSE
[300.00, -67.62, 66.65, 0.00]	[-12.70, 10.18, 17.21, 12.70]	FALSE	FALSE	FALSE
[300.00, -67.62, 66.65, 0.00]	[-12.70, 10.18, 17.21, 12.70]	FALSE	FALSE	FALSE
[300.00, -67.62, 66.65, 0.00]	[-12.70, 10.18, 17.21, 12.70]	FALSE	FALSE	FALSE
[300.00, -67.62, 66.65, 0.00]	[-12.70, 10.18, 17.21, 12.70]	FALSE	FALSE	FALSE
[300.00, -67.62, 66.65, 0.00]	[-12.70, 10.18, 17.21, 12.70]	FALSE	FALSE	FALSE
[300.00, -67.62, 66.65, 0.00]	[-12.70, 10.18, 17.21, 12.70]	FALSE	FALSE	FALSE
[300.00, -67.62, 66.65, 0.00]	[-12.70, 10.18, 17.21, 12.70]	FALSE	FALSE	FALSE
[300.00, -67.62, 66.65, 0.00]	[-12.70, 10.18, 17.21, 12.70]	FALSE	FALSE	FALSE
[300.00, -67.62, 66.65, 0.00]	[-12.70, 10.18, 17.21, 12.70]	FALSE	FALSE	FALSE
[300.00, -67.62, 66.65, 0.00]	[-12.70, 10.18, 17.21, 12.70]	FALSE	FALSE	FALSE
[300.00, -67.62, 66.65, 0.00]	[-12.70, 10.18, 17.21, 12.70]	FALSE	FALSE	FALSE
[300.00, -67.62, 66.65, 0.00]	[-12.70, 10.18, 17.21, 12.70]	FALSE	FALSE	FALSE
[300.00, -67.62, 66.65, 0.00]	[-12.70, 10.18, 17.21, 12.70]	FALSE	FALSE	FALSE
[300.00, -67.62, 66.65, 0.00]	[-12.70, 10.18, 17.21, 12.70]	FALSE	FALSE	FALSE
[300.00, -67.62, 66.65, 0.00]	[-12.70, 10.18, 17.21, 12.70]	FALSE	FALSE	FALSE
[300.00, -67.62, 66.65, 0.00]	[-12.70, 10.18, 17.21, 12.70]	FALSE	FALSE	FALSE
[300.00, -67.62, 66.65, 0.00]	[-12.70, 10.18, 17.21, 12.70]	FALSE	FALSE	FALSE
[300.00, -67.62, 66.65, 0.00]	[-12.70, 10.18, 17.21, 12.70]	FALSE	FALSE	FALSE
[300.00, -67.62, 66.65, 0.00]	[-12.70, 10.18, 17.21, 12.70]	FALSE	FALSE	FALSE
[300.00, -67.62, 66.65, 0.00]	[-12.70, 10.18, 17.21, 12.70]	FALSE	FALSE	FALSE
[300.00, -67.62, 66.65, 0.00]	[-12.70, 10.18, 17.21, 12.70]	FALSE	FALSE	FALSE
[300.00, -67.62, 66.65, 0.00]	[-12.70, 10.18, 17.21, 12.70]	FALSE	FALSE	FALSE
[300.00, -67.62, 66.65, 0.00]	[-12.70, 10.18, 17.21, 12.70]	FALSE	FALSE	FALSE
[300.00, -67.62, 66.65, 0.00]	[-12.70, 10.18, 17.21, 12.70]	FALSE	FALSE	FALSE
